Params: {'layers': [400, 20], 'activation': ['leakyrelu', 0.3], 'rate': 0.01, 'batch': 32, 'init': 'random_uniform', 'dynamic_rate': False}
Loss: 71.4214125977

1278.03202937,1237.33533945
1227.32895447,1204.52581953
1159.97319517,1039.0077166
901.671775781,748.127278906
726.824069739,376.689326025
632.004139606,463.965480566
565.290820251,582.869644043
517.970768121,654.593015234
483.202358261,218.20481145
456.90653801,276.124457129
430.337069968,565.146096875
414.976333179,345.005255371
402.864948853,521.510079883
385.715507108,670.350340234
373.362970975,209.683753833
364.017775735,478.168748047
354.476607022,425.882652832
345.251278134,310.397497656
336.211783347,436.164213672
328.97924989,360.377213379
320.0961159,583.608903516
312.697563654,334.221709131
303.716964059,158.926620337
297.852635675,333.013106641
293.313641949,255.188944385
280.649463882,337.916658398
273.838925867,404.899370605
269.769336066,228.333932617
260.682402124,295.199636621
255.338633865,272.700436035
247.433150772,164.050900244
239.946860709,230.100325293
234.575380249,292.131964111
232.74180455,134.72616355
226.478762067,313.148702295
219.077447391,325.035900879
217.631519455,203.893911084
212.240387613,233.421878613
206.543630994,291.040170508
203.981021729,162.176062451
197.531564578,243.140318311
196.528195721,230.797041553
191.336021973,139.668022266
188.348624329,192.561427832
184.593295093,238.579786133
179.23065087,193.138874658
174.845446045,163.375439648
174.280738004,237.389907593
170.987583694,164.386923511
168.199927551,128.625611548
167.734862447,149.251436719
162.434862289,162.673766577
161.122434851,117.275514526
161.391760229,199.475211572
154.99663326,138.200808008
155.593544145,145.865537842
152.051533759,103.315245068
152.417228183,226.367808447
151.989596321,138.182283911
145.778096179,121.194643481
145.880487091,198.526834717
145.256606226,192.573091626
144.052997507,191.956791528
143.726139381,130.610699878
140.983200699,119.645307104
139.857626964,136.783195068
138.165404147,129.955775366
138.826860489,138.940379688
135.009848964,97.4692140991
135.686330086,126.543117139
134.322766898,126.029531677
133.581255861,172.57420249
131.779516133,169.973729687
132.922553174,98.1468651978
131.167875475,110.662739697
131.942238942,116.036686133
129.370041673,107.238147009
129.538357892,128.350880444
129.295003944,108.184611951
126.970936562,92.5423915527
127.94190416,121.994052979
126.392324719,111.5370953
126.954319138,103.287977954
126.532590349,112.329605713
124.65344706,163.193180347
124.031700047,106.214052661
123.706885403,89.8596693481
122.160960648,140.14343645
120.771017574,123.952066309
121.688477116,94.2954078369
120.449593954,115.735965112
120.007655261,97.7838262329
118.641414886,121.853444775
119.269619572,99.261850293
118.821241226,96.3701598633
117.528909645,92.1107947754
117.365410957,164.816405981
116.908634578,90.2991141968
116.685051155,134.49869082
114.682727597,168.708140894
116.047432993,96.0322949585
116.343872429,101.271326392
113.395040903,127.513786694
115.556253015,119.311877942
113.696387276,111.516466309
113.22021687,88.1778838257
113.556721132,142.904334619
110.243667004,110.877318372
111.856409102,102.512920056
111.684244293,91.8953845703
110.958559256,109.240918872
110.528774445,131.737605518
108.9933642,120.528334204
108.132170029,90.0081230103
108.603174834,96.6049189453
107.355268855,90.2580997314
107.28308434,96.5610979004
106.070019403,112.153641748
107.010428748,127.754139343
106.346890903,90.5253877563
106.173111111,123.260692554
105.493974939,103.958470044
104.608520914,94.3887494507
105.75712433,95.0038094971
105.16928727,81.4382161255
104.11622045,91.865140979
103.703174661,98.9576573242
104.450953795,91.5957734497
103.484969475,89.60436427
104.318145148,102.06927428
102.3258256,129.548741479
102.162141273,103.640565796
101.998910954,85.1692987549
102.723756668,100.882162122
101.671426071,121.094237573
102.395318245,89.8208658813
100.976572124,80.6726476196
100.400655775,107.62015415
100.775364119,98.6736133301
100.23198645,181.68059624
98.8880901993,101.462091382
99.9394704926,83.2212630859
99.2638775909,131.377196069
99.0452474838,83.518283313
99.4788668198,96.4615046387
98.5076599411,81.5949598877
98.3847712067,99.8884014038
98.3330303925,83.656291864
98.1386567368,86.8058436279
97.6346612274,87.4544416138
98.4109109146,114.478420288
97.4533857117,94.5622629395
96.9210332901,132.234549878
97.5943758636,114.579676746
97.3819871155,87.658586084
97.7661540466,104.776556201
97.6774280853,83.6184993042
96.8065422073,92.7997807739
97.2620939667,92.2069868164
96.5769144882,101.869106067
96.4042413177,99.4654415283
95.8183118256,102.459928455
95.8827579773,79.922884259
95.8227166275,84.7420602295
95.442303093,91.0256076782
95.3057890991,117.127459351
94.9685570068,83.0360516602
95.19608573,84.099762439
95.6214035889,86.0435400024
94.5773458405,107.169539844
94.3124784164,82.063862439
93.480172261,105.528656628
94.3328256073,106.322443103
94.1968938309,99.0257481934
93.2164910843,95.6902557129
94.1289751801,81.9112060181
93.0576570282,81.6041337952
93.6690154724,83.3247590454
93.5895027008,88.8495664673
92.687462764,117.799734937
92.7060273407,78.4181016174
93.4317093033,96.0238606689
92.6503429321,82.0406570801
92.8060099808,104.100300195
91.9963111649,91.8244064453
92.3150555405,105.420039087
91.993331369,82.8451654053
92.170139592,95.3160687866
92.2027649948,90.355367688
92.5004192871,108.449258801
91.8318361893,80.4273837646
91.996210878,83.815011731
91.4534254837,101.638710535
91.8336708542,86.2484888672
92.0921651489,93.7120547363
91.3626488495,85.0333222778
91.5316454132,99.1039547729
90.7108277374,143.733872437
91.8272231384,106.426883704
91.0182321548,79.1823574829
90.5916109848,81.5191043335
91.6394663605,77.3734231445
91.6336634583,89.4287774292
90.8487469711,85.7698482544
90.8958225113,79.6127371948
90.6006789627,79.435455249
90.202296138,111.02642915
91.1995785736,77.6689403687
90.8251702332,76.1454100098
90.8194364441,86.6530827393
90.1072845581,82.1841506592
89.7076435318,86.4793740723
90.4550068237,77.1589937378
90.5801588654,98.6228253418
89.3871740036,84.9415823242
89.9142095093,78.0573948486
89.7375925186,76.7786097229
89.8285969513,85.1357096069
89.9031802063,84.6321003784
89.1379688385,124.127085596
89.8543191208,89.7427401245
89.5776360138,78.9279922363
89.3162355438,84.3505301392
89.2090861359,76.0153141541
89.1658671722,80.1389757935
89.3438777191,93.0597393555
89.2277523437,102.764266882
89.4920069595,82.5061535522
89.3995862564,83.2660036743
88.0357354034,85.8034936401
88.6857443604,95.0643014771
88.3953447678,87.5579209351
88.6028414169,98.5558400024
88.6447825409,99.4434751831
88.5521159393,108.279701355
88.8562597229,82.3881346558
88.1780597198,83.4881621643
88.6761704269,91.8877454224
88.6596045914,92.9888335449
88.252995108,87.3462177612
88.1067272369,95.3902006226
88.524888031,81.9195640137
88.4863106918,80.2420227417
88.0518343292,99.2687107422
87.5821973358,88.6334063843
88.1357055893,81.5245936401
88.4717188919,77.3792050049
88.1320923187,87.7345114868
88.5076282501,79.7441984253
88.1702643219,77.1197942017
87.5622743484,88.6211502563
87.6848093628,76.837921167
87.8623254349,87.3735536865
88.029053627,75.9958796997
87.0491730545,100.06657041
88.0338307343,89.1500689087
87.700953569,97.1899484863
87.5349630707,73.5664494141
87.3475058792,121.247687915
87.4408803864,100.519607886
86.8363573914,92.1995053833
86.9177596649,80.015602356
86.6902693954,86.1986428223
86.7550920212,81.2855260498
87.3669887955,73.9389620239
86.2680678192,77.4861342773
86.4201520294,79.6827866699
86.2290297943,81.1373093262
86.7133093063,78.2423405884
86.0276376999,103.133154407
85.9964679382,90.5121655518
86.4099113159,77.4839340271
85.2500764587,80.5823043701
84.9773006775,93.5686894775
85.9538301849,77.435022467
85.6939976685,75.3170456909
85.8980809906,91.5978794312
85.166405864,91.875357251
85.4027748184,73.0842953979
85.6945390686,90.1199934204
85.6724614014,97.1204055176
85.6327285294,80.2123310669
85.1752319885,73.6507867676
85.7424238342,80.8304336548
85.1725225464,90.0742158813
84.9345631454,78.9891768433
84.722345105,89.9327914795
85.2178122864,76.0082016602
85.6881054504,80.6483120972
85.1672089783,94.6281948975
84.9732701492,89.9845003052
84.8470752808,86.726848645
84.8380555939,74.0750731689
85.1731951309,80.6090041748
84.7152740829,86.6791709229
84.6089704895,110.887745483
84.6460477798,78.6432800903
84.4313943268,73.6433241211
84.5113540024,75.0933072998
84.385985466,77.9698542786
84.2837258881,74.6145045044
84.239775824,82.9030133667
84.9743701401,74.3674522278
84.7092844467,71.9075646423
84.4790246704,72.0635143311
84.6395660995,100.542534802
83.9974608444,95.6902784668
84.716265715,72.4582129517
83.6999620743,84.5981049072
83.9486855774,77.1531159058
83.6374288559,78.0230749023
84.1180840363,78.7995304077
84.4477048065,103.188605896
83.838109816,99.0849993042
83.7474527145,79.7912519409
83.9841379761,102.460746765
83.569059375,89.3756927979
84.0007106628,88.5547355103
84.337156987,76.0384677551
83.6384780533,72.4854981812
83.7956553055,79.3524859497
84.2396724609,80.4206345093
83.9049115234,75.2806917664
83.630779744,76.2837782227
83.8007997177,80.7505882324
83.6109019287,81.955655896
84.0005087021,79.6804972412
83.8546713593,73.5405507996
84.0044070831,72.7094483704
83.5757038834,77.3616933105
83.3815385605,72.7138344116
82.9413214294,77.4214219238
83.421243457,83.9507021729
83.1650395523,113.146505762
83.4405311981,71.6563758301
83.3412528687,71.4709901123
83.0693641953,90.4754390625
83.481675235,77.0241722839
83.0427140106,95.9398851074
82.8685374054,79.7208050537
83.2440924377,84.9613575562
83.1703761948,91.4486167725
83.1281347473,85.0721182007
82.9315287781,86.0791158813
82.9280739792,71.2178263062
83.0831329834,78.4112382935
83.209205368,82.8409008179
83.0031260757,78.6971443115
82.428910791,74.7991677917
83.3693574188,95.574605542
82.6291885559,97.2462619995
82.8251244186,108.205556445
82.9486647278,74.4853146362
82.9982060471,81.0203633179
82.448896785,90.8382512329
82.9892344513,72.5976548706
82.5178008469,87.7309957397
82.4189755371,94.9123098999
82.3194281128,80.167919751
82.6385901016,73.4905149597
82.9690409805,72.3347108276
82.4358028976,97.4146902344
82.390561499,80.1192435913
82.8013276489,77.9997399658
82.2749074966,77.3923822144
82.2749238907,82.2566899414
82.1537363693,80.5094479126
82.5554358307,114.243055872
82.4560601761,77.0934129944
81.5751441483,72.8739533081
82.0001983643,72.3570646362
82.351059053,100.979716821
81.9839863647,84.2478396729
82.0421301956,81.5662544678
82.1443916458,72.3637244995
82.1581790375,80.4107653564
82.4328761139,91.9389140503
82.127599556,72.761533252
81.9202513321,74.5391048584
82.3154896851,83.6278856567
82.2710505264,88.1965021118
82.1710918686,94.3916776611
82.1026035217,88.5396910889
81.6964126053,75.2144449097
81.5109544052,91.2940078247
81.9029550095,73.7508076904
82.1176506912,70.9961820618
81.7510850815,72.1271158203
81.4075157288,72.6299058716
81.670717482,87.7622071533
81.6162471893,70.6429903564
81.7666267075,76.440968103
81.7180576172,89.1510433105
81.4765265518,88.8781315674
81.6204636795,81.5557352661
82.2228489105,75.9042477539
81.4216305466,75.7242678955
81.533424292,74.3394406799
81.4133857346,79.1744638916
81.4453918228,78.2683736938
81.5502426758,115.739176294
81.4369295746,86.5043650879
81.4743136993,72.4833847046
81.3251112427,77.2268796509
81.6561495209,78.0867327515
81.4975604065,76.3059949097
81.4627620361,86.2989529175
81.1244138794,74.159127417
81.7077705215,73.541305249
81.28100495,104.123863135
81.3298603256,71.0322301514
81.1145686234,90.8400323975
81.0780410156,83.1700508545
80.8684070648,90.1886214111
80.9046817078,76.438963092
81.1131781036,81.5380189453
81.0543615189,84.1700655945
81.0770052155,80.384747113
81.2021595001,70.9411259155
81.132398468,71.0754553833
81.0548261215,79.6053919434
81.0180483917,78.2837701782
80.8824176239,78.8893155701
80.5288496506,85.3298698853
80.4998761322,77.9241928406
81.0434428757,73.9639746094
80.674017337,71.7751936462
80.6108234955,86.4476131958
81.2292787277,79.2942909912
81.016578714,88.5189934692
80.9084928131,87.8051255249
80.728939946,91.1903429932
80.8280427139,100.319425928
80.4352748917,89.0574680542
80.5257722931,90.3740172791
80.3340709793,92.4705058716
80.7431183456,73.3589885254
80.4862091797,82.4671109619
80.5996574203,74.4788269226
80.6251062912,70.5673892151
80.4809077179,82.0336929932
80.3638277756,79.9196382935
80.6977542313,105.254289673
80.4864853958,77.3412230347
80.9599036423,78.9662299927
80.6730778244,78.8822408203
80.5453891296,77.7613939453
80.7341782379,83.1090082642
80.1066990219,83.6476053101
80.2047384338,97.2584200439
80.1819250656,74.0506862427
80.4112122925,75.2926909119
79.9263001938,81.4119845703
79.7815594482,70.9589478638
80.1294666275,70.42756698
80.5057029922,81.2581845825
80.0278290482,76.6289906616
79.9091707458,77.1949612305
80.1777085556,77.3802370789
79.897900296,70.4656014587
80.3358565384,73.7582810974
79.8876056946,85.2873634033
79.8212791351,75.0434426514
80.4032397873,94.3694695679
79.8954307053,75.0422546997
80.4558444794,78.5604495544
80.0737734436,78.9100537476
80.0859417404,71.22803974
80.518178389,101.324689844
79.5143568451,73.1978535278
79.7990561661,88.6077460693
80.105095694,75.8975752869
79.5876934555,83.7866648682
79.7423527161,69.6548043457
79.4209414764,75.6255210144
80.194907457,74.8104464905
79.4366280045,71.8546829773
79.5210271408,76.7329621216
79.9111823029,74.0908487488
79.3871439529,75.1518876099
79.5927764999,82.8943882568
79.5909588699,74.5207853271
80.0068180344,82.9707313599
79.7276010391,97.710254541
79.8435680008,109.255981775
79.5402394165,79.8646301208
79.5016875916,77.879797644
79.4872804901,80.773708728
79.5487526688,72.5635354675
79.3973732422,79.5757039917
79.2308481186,77.6277724731
79.3711883118,73.4957440063
78.8886404053,91.1078896118
79.7347246643,77.9240416626
79.1127932755,75.3395327881
79.2785450104,82.1503836609
79.4118550262,85.6096099609
79.2876334213,74.3809878174
79.6618485901,77.826987085
79.5006017212,78.0937671997
79.1381740555,89.1990689819
79.1007035858,72.9331841064
79.6470970718,85.9005757935
79.0871994873,82.3307302002
79.2924276688,74.2825912964
79.2358264267,79.2845826477
78.9967819946,93.2832271729
79.2743409653,89.3496384888
79.0809477814,81.1704198303
79.2898603577,92.2293553711
79.5169704437,72.8197545349
79.2918612381,70.3791612549
79.12725112,71.748948114
79.1346167938,72.7100697876
78.537968306,71.8271930603
79.1991534958,68.3313522461
78.8069740005,74.7680693542
78.7198411819,71.7311918213
78.6122494873,90.1575124756
78.9807542709,70.637546875
78.720344574,74.7134790405
79.5019030228,75.3811110657
79.1375363174,94.0369958008
78.6541043259,73.8197745544
79.1976467789,71.5806489441
78.8367380905,74.271196106
79.0165712311,116.209337012
78.9696313461,80.632871759
78.7956437408,71.0056753113
78.6812899796,82.5181789795
78.5349009979,82.4235690247
78.3495635254,80.4423220703
79.0497416,71.6016077759
78.9271181839,75.0999541931
78.7264874451,73.3424701172
79.1813496185,80.9961918945
78.7771116394,75.6481180176
78.9746874954,75.1935242798
78.5864766418,69.8931975525
78.5479507797,81.7339206299
78.8275756256,88.0020546753
78.5533918304,70.2682609924
78.1238774994,84.5018085022
78.6920554413,74.5261817383
78.3934360062,74.7891138977
78.6207473297,85.4323446777
78.8343214081,77.8853182617
78.6613951202,70.0343585083
78.5440028625,74.3313756714
78.7217185211,68.9744427612
78.7299813324,74.4631275757
78.6044124756,71.6186244446
78.3881483276,69.8462608215
78.3303704224,87.3147218384
78.2679875061,88.6739485229
78.1916792496,83.1190164673
78.2189267822,72.0432676941
78.2448068283,90.7815253784
78.3392926224,69.2190181641
78.3797655273,73.196575885
78.0116683929,95.9736607422
78.3558288651,83.3521631165
78.2128752975,102.548861072
78.5630746506,71.5899625366
77.695250238,76.9644937378
78.0444539032,76.6192758606
78.6974891464,82.0537261719
78.3105248276,69.0185383301
77.9025592743,87.6706356934
78.1944424057,91.8597138672
78.4311097977,74.2074821655
78.2768784576,76.1898394775
77.9336196518,81.7756136597
78.3178986877,79.8022190674
78.0229715744,77.0367452026
78.0453977005,75.0464133179
78.260221199,73.0687595215
78.2373871658,73.8501113098
77.8461847336,77.278941217
77.8887827606,77.9510662964
77.6654869232,71.9817031494
78.0345455704,70.5458464355
78.2680835632,75.7273919556
77.5954336792,72.4532537842
77.8683726028,69.9719380005
77.8061150772,75.9582399841
77.7067897263,73.4595889954
77.5079620255,94.1585356079
78.2611146942,82.9124577637
77.5604676529,72.0366510742
77.5512867523,73.8642848816
77.4724982101,71.2819757446
77.2353224518,76.7430341431
77.5431191818,80.608671814
77.6455904312,87.4353081787
77.7662800934,90.8153470947
77.5247302414,85.030844458
77.2115720001,70.9644930969
77.6201144318,75.6534813416
77.3846562973,73.8534276611
77.3790062988,75.0091071289
77.6904609879,71.6756642761
77.1727479523,72.2897363098
77.222319072,74.0234754761
77.1535775101,88.0516627808
77.4247093018,96.819725415
77.4074537231,72.7736619324
77.5992680038,86.6583590942
77.326039621,75.1312149048
77.1326818665,71.525147522
77.1516797287,75.90244104
77.6195805206,96.4312952026
77.4140169891,72.4260215271
76.9504428482,69.3725541321
77.1899975082,76.1999375
77.0958410492,70.0009457642
77.0236554337,79.6781727417
77.3497345871,79.0892923462
77.5112482224,89.2922962524
77.5714813461,73.6540687317
77.0306473724,73.6511682617
77.3063365829,77.3950068237
77.4469502213,72.0071417847
77.0790269196,90.111925
77.270737793,78.1767326782
77.278307132,72.6410807495
77.2544324432,71.0657459045
77.6847230835,78.2160473938
76.990161322,70.2370698425
77.1237290314,87.6646116821
77.2343253311,73.4378966431
77.0186323013,70.5148342163
76.821057692,74.2998736877
77.3320014359,69.2355616638
76.8306473846,79.2528781372
77.1149906738,75.8946842773
77.0382537567,68.2858075806
76.609855397,70.8320789795
77.188354068,81.9244522583
76.9242565308,69.0467519775
76.8851119125,88.0146258911
76.913761496,68.6857621704
77.0043958603,71.7833126099
76.8575697159,90.6852558228
76.859564682,81.6753351196
77.0846367691,75.6310389893
76.7934632843,71.2754791504
76.9386581924,71.9655383423
76.810219841,80.4980199341
76.6743379608,74.5571017456
76.9357597229,76.7458494019
76.9391867187,69.357378363
76.6814343994,81.5665342163
76.8116512833,71.7833071655
77.1072233826,69.7746131592
76.5125049973,75.2057011719
76.7761598633,70.7608486328
76.8346037476,80.9640040527
76.5856914459,72.4075858398
76.6927757965,75.9803688416
76.7553442062,77.9953434937
77.0609654037,72.2307359131
76.726462262,70.8843149048
76.6966239883,70.743512085
77.0293257935,76.6047801697
76.3853991241,71.768028241
76.681882901,92.6657965576
76.5860581619,70.5717100342
76.6100546448,71.1872669556
76.6626819672,72.4790968994
76.546678862,71.962017749
76.8118377441,85.4936921509
76.3930842621,76.0786199097
76.6775108505,88.4252009155
76.5126100876,76.6234880615
76.4874902496,108.879966284
76.3509109436,73.2746514526
76.1958761276,73.6463787354
76.4545388504,75.0756619385
76.0327791931,71.3338506226
76.5122331558,78.4614207764
76.1768749237,70.0291505371
76.2483692154,72.2405055481
75.9443161072,72.8201833923
76.1568422668,71.8364385132
75.7309419235,74.4900519287
76.0245257584,76.3859181519
75.9359784195,69.8129756714
76.5727375824,69.0718752258
75.9002629227,71.9108189453
75.6773088577,69.7527087891
76.2116490356,82.7890471313
75.7829542908,71.2914567078
76.0009252731,75.3898570313
76.1516529434,68.8253644958
76.1679298004,79.4876649048
75.9280517044,71.9669637573
76.3910048477,79.5950816895
75.8420584534,70.9754097412
75.6957052353,84.2479311279
75.6712644623,76.8718360229
75.7476263885,82.2873213013
75.9792419983,69.4031526367
75.9988975235,74.2401703796
75.9901680023,68.0922714966
75.6681575302,81.3607261719
75.8760759155,68.7451194275
75.7220909393,73.1775621155
75.6546414215,72.0308617004
76.0345329102,72.1961697876
76.1067384247,69.066083252
75.6792673233,74.9341689209
75.6915165085,67.9157457336
75.6037210815,70.5763628967
75.9154149429,69.5031299072
76.0379170959,80.0230569092
75.6969509277,73.1384240967
75.8693623489,78.3259510498
75.6659896149,69.048481958
75.9114988129,77.0097691772
75.3985252579,75.2474349121
75.7231246338,72.4118748108
75.5249714905,71.5655015442
75.6371903412,71.2744363037
75.9194388275,72.8025003601
76.0014487976,73.2135105957
75.626452916,68.5977211731
75.5106297958,72.101953656
75.5488976654,70.0727949158
75.8629284454,101.160533203
75.6899374619,72.9412329956
75.8009492371,84.7687253784
75.6432222076,68.2644115051
75.5447074539,83.361304248
75.7369858673,73.8577352905
75.217434166,71.9909944031
75.3813177383,70.5828749939
75.5648532639,68.7635717773
75.51402892,69.9342311829
75.7031133759,67.7802494812
75.6613278229,68.4425713867
75.6440220642,88.1596049561
75.8543822815,69.8822186157
75.4808410416,70.4222393127
75.3704003372,75.8657219727
75.0982641342,71.94514198
75.4784323212,76.0901835083
75.229347406,94.6225891357
75.5559349304,75.0302791748
75.4199163742,72.4235490601
75.5438007385,68.1816431641
75.1969790207,69.5575555786
75.0510909088,80.6358673462
75.4245303604,70.0791069275
75.1800926208,76.4461823547
75.7126652466,69.6557493652
75.4616507721,69.7747608093
75.6129053909,73.2446868652
75.7683909225,81.8935887695
75.221924173,74.1675930359
74.9187235687,70.2439476807
75.4448900177,84.1116111694
75.3626818054,75.4528757996
75.4721485092,75.325315625
75.2282407806,77.187456311
75.6773822937,70.8174739258
75.3328734055,68.5899369324
75.4687811676,72.1964062561
75.3195956345,71.3487585083
75.2213712006,70.1831841675
75.078914006,83.7214954834
75.1805237564,67.1169450806
75.2740406403,76.5979591553
75.0664558624,69.9859083435
75.4766526138,78.15148078
75.2312160431,81.3636546143
75.0936030334,72.1262814087
75.1704355621,68.2050917358
75.2334957993,72.6226984924
74.8593731995,71.1825785645
74.8516849533,71.4190302856
74.9345469406,81.3096092651
75.1645988892,71.5199779053
75.2205983734,72.0522390259
75.5319677139,76.1101224243
74.9995361511,82.5972386353
75.2994313736,69.6315802612
75.1196868896,71.4610369812
75.0255923096,69.8819502319
75.2708123184,73.6785800537
74.8239045578,81.3790893188
74.9306432022,75.4245761719
74.9962838959,69.2415836365
74.8964633118,75.3784555603
75.3212745117,81.7013754517
74.9567733124,82.3582958374
75.056876915,69.5419423523
75.2693505524,73.8544542358
75.0083941422,72.2047134338
75.0394931732,69.6693809204
75.2411278442,71.7608757568
75.3686245117,72.8552145447
74.8448995956,85.2116232056
74.7595475433,70.0423436401
74.8276461334,72.402330481
74.999623732,73.6489788452
74.9993290512,75.6201691162
75.1462882156,70.2413028259
75.1479745468,69.2818029297
74.8184308441,72.3651598877
75.2306932724,72.0129963989
74.7278916336,72.0331145874
74.9408235382,69.7488917603
74.7926718796,68.5889378845
75.0163338531,75.8878548584
74.9595346695,70.2917465515
74.9536841003,76.4700319214
74.8304789536,71.9921984009
74.6466696808,74.0291493347
74.7703671951,74.3506385132
74.9572397354,74.495963269
74.8769078979,70.5318803101
75.1224677719,80.5210953491
74.6577102402,74.2184275513
75.0593959137,72.3853889282
74.9660358398,71.8947121399
74.7518860962,74.0556432129
74.9096899231,83.3824474487
74.9782531418,71.4856573547
75.0127451965,68.3025969421
75.1455591599,72.8727577698
75.1103832855,77.4699165039
74.4894338882,78.5337335327
74.3636935959,83.5433330566
74.7203257217,68.2950254639
74.6072035202,75.4856322754
74.5470676254,68.4394737549
74.8798767014,74.029627478
74.8679633698,69.5586158142
74.5714073013,73.6505868164
74.7571107529,70.1859557617
74.703842276,71.737782251
74.8226748062,71.7714471985
74.7061507156,80.0133250366
74.5977469543,73.6561100159
74.466130957,77.2217234253
74.1718766617,86.2560304077
74.6191789978,75.331143811
74.7933165436,77.7762424072
74.6531968872,74.5752600708
74.5055884079,72.4799859314
74.5517694443,81.2529515503
74.7557832443,71.3010679749
74.4416037369,72.1279346924
74.6674309845,71.5921332458
74.5948887939,72.000999884
74.6875586121,69.2903871216
74.6187676956,80.0895974243
74.7135424088,79.792511499
74.2982928116,68.8262010254
74.251771907,72.178197998
74.7979934738,71.7224987061
74.6088962204,76.2695804443
74.360549437,73.6850483582
74.3066820831,71.4845746338
74.6853857712,73.0076730713
74.634340033,68.4893645264
74.2113100052,72.8428475525
74.479737677,68.3826848022
74.6485337448,70.6285365784
74.5587340042,75.4393175903
74.5873070831,71.2956892761
74.8500613205,75.7678419434
74.4572335281,71.9402633484
74.5055716858,69.6184647034
74.2130863708,70.7065243042
74.8192783539,70.7810989868
74.6036406326,70.4518713196
74.7990521561,73.8610930969
74.5525297928,70.8311969177
74.4082420624,79.9757073364
74.9541421631,72.5604262756
74.4978272537,68.5968387451
74.4065262711,69.2667047668
74.7107671524,75.1813888489
74.4038240875,68.3071613281
74.680905928,82.3788436035
74.3713542099,78.1089617676
74.2952290756,71.488040686
74.4461907715,70.6730179626
74.2599909607,68.3031942078
74.2306856171,72.2345440186
74.7279177338,68.4053121216
74.2465769852,67.6909704285
74.354531308,91.0001634766
74.3093784637,72.0471242187
74.2305162384,69.2190032288
74.1866731033,69.1741463379
74.2322295868,68.4998444092
74.5283077515,71.3180572021
74.4372779373,73.4849577026
74.0801718994,67.9738322632
74.2210367828,67.7571027832
74.3888259171,69.6194253601
74.2479587479,72.1500291199
74.0765986359,67.5617586182
74.5410505325,73.3647450378
74.487116127,72.9219854126
74.3079876633,72.4035377319
74.2187532028,68.0911624756
74.3415988968,71.8523806763
74.3909415878,71.4763233215
74.3163968048,76.9039509399
74.4139817825,73.2447501343
74.4687232407,81.3408661865
74.0637769211,80.2496182983
74.279731543,82.0147984375
74.5701743942,79.7748893188
74.304269989,68.7522823792
74.3390304337,67.7367218567
74.4949214218,72.9308548096
74.0548018753,68.2879585999
74.3578767166,80.8613941162
74.2738065948,69.5346391968
74.2619114151,68.7263127319
73.9990236618,68.861811322
74.2943223389,80.2116088379
74.1766740768,80.9078972412
74.2537815384,76.8760115234
74.3589975342,86.638999939
73.9437204727,68.4512321594
74.297518396,68.6899511353
74.4177922638,75.3814944397
74.0519727661,69.2794608887
74.1151743088,67.626525354
74.3734693741,71.4256648499
74.1273788696,75.3053118896
74.3146792023,76.0768729492
74.1685374603,71.2180404053
74.15090849,82.5170168274
74.1518089142,69.4772982117
74.016302356,69.6279992798
74.0194399368,80.6505680054
74.0835474396,71.4973542725
73.861013829,67.675830542
73.912180603,70.289886676
74.0302920364,79.1998605164
73.9710686432,75.8639734253
73.8571646454,70.7654699341
73.8817245087,69.8656378296
73.939217746,74.7166241699
73.8842712891,75.2325549805
73.8146066483,73.931339978
73.9876726212,75.4078038452
74.2206035324,70.5187511902
74.2634682739,68.4475110474
74.2439344833,71.3461481201
74.1591129181,73.6823452881
74.1502869217,71.5939716492
74.0328913925,84.1848990479
74.1562761932,81.8638206299
74.0546700409,69.4862617676
73.9445745377,70.889391687
73.875647731,69.0585292847
74.4713319809,72.8949553101
73.9405473297,68.8679964844
73.7839787292,68.4365436218
73.7703735291,79.0270670776
74.100544046,68.5829288818
74.2139937271,71.4576514404
74.0183823761,73.2418092407
74.239578392,70.7822592529
74.1451668655,80.3136758545
73.7881594833,72.1751512512
73.8970861465,71.4974744629
73.8686525879,73.6394452332
73.5744744949,73.7415001404
74.1231929993,71.5921794556
73.9073554321,70.3091625488
73.6015567276,70.2744795959
73.9444702057,79.6340294006
73.9904057861,73.4437401917
74.0915339111,70.0244635986
74.2322981689,71.3519819092
73.7258448578,69.1458110352
74.2352880142,81.9294998901
73.7464953018,74.9333602173
74.0569829269,75.5035923828
73.7162938263,77.0687003235
73.7157004837,83.4345369507
73.7996272858,72.5421273682
73.6962282318,68.7404618591
73.9540864365,75.6499727295
73.9044549774,68.55623172
73.8879449356,71.3030654175
73.9549456009,70.0987122131
73.6752938049,71.2390693115
74.1819040207,73.0746369263
73.7466406036,68.5441051392
74.0664424911,68.30557547
73.7706786209,70.8179529663
73.7630909988,67.5590192078
73.8390704163,70.1493276489
73.7538636383,73.3802046387
73.8961542999,68.0930283264
73.8601864822,77.2457738525
73.8938595276,75.7356520142
73.6558409561,69.4774617615
73.8032992142,77.4923742554
73.7467298248,71.9773572449
73.7530766052,80.8750606812
73.7207088638,73.0553953064
73.8497148285,71.7992380981
73.8522997711,88.2391162231
73.9394716843,72.4161162415
73.8566277725,68.450010498
73.6452302521,68.1004934692
74.0842277908,78.6287364929
73.7150775726,68.9508881836
73.6110497787,69.587499823
73.6675531311,73.6846667114
73.8573373672,77.3305835083
73.7681768661,70.4406797241
73.7541224091,73.5297704895
73.6702794525,67.3156175903
73.9458055435,79.5280240601
73.7280840088,71.2712063721
73.7564859924,72.3172033691
73.6451662643,68.7371644287
73.6343384399,77.6532576294
73.8796663147,74.2794583008
73.5660409698,72.3402826843
73.7676465454,72.2167149719
73.5750795547,83.0487171753
73.7656331421,67.3102125
73.898887561,68.3058051575
73.5331615555,68.4873201782
73.6886233505,68.3120129517
73.884109967,72.6977379761
73.6263526703,71.1507507507
73.6047657898,87.0984855103
73.7323082153,75.3016213379
73.5840111755,88.2258215454
73.6948445129,74.7777105347
73.4862037277,69.6452275391
73.7624310425,69.9354053589
73.6166271286,85.6768312134
73.5365926682,69.9953283142
73.7969983063,67.8682670715
73.5993301102,68.4798326904
73.4948019577,70.7167543701
73.8145114059,76.0023272156
73.7005843964,74.139916394
73.7998822037,70.6757033752
73.7094549362,78.5245808228
73.8625680466,69.3195604309
73.7114556412,78.3604534302
73.5089347427,73.5451621582
73.6461449509,72.2109014648
73.2985216141,67.2461383972
73.6107563416,67.9785767639
73.5252475372,74.3240329346
73.4742687271,68.2924753723
73.7407942093,70.0865640808
73.8731091873,73.9911532837
73.5455628586,70.9305557312
73.251154631,76.1080901489
73.6989699539,67.6852768555
73.8663619049,71.7699066101
73.5662000671,73.4691083069
73.621779425,74.1498628662
73.6180555939,68.3652832764
73.4884133041,85.6537210693
73.4042114548,71.7227729736
73.5599593842,71.0265387024
73.3780047363,70.7372536499
73.5539444443,78.4090808044
73.5896928497,67.6666391785
73.56219832,67.3491632324
73.5792686127,68.475149939
73.4143878067,70.8144767883
73.5466013901,84.4396322021
73.5276049973,69.8968587097
73.5129888901,71.6423391479
73.5961280762,69.2908549438
73.4870856842,79.5496369507
73.6100738037,80.9827781372
73.5057676682,70.3151007202
73.5309180466,77.7249731079
73.5297924042,70.9374220703
73.5232525986,72.3846787109
73.3910457916,77.1440466797
73.3917502899,70.2371800293
73.6714776566,70.6683907471
73.5982902222,73.9678610779
73.5306542297,80.9388965454
73.6231011459,73.8827466797
73.698901767,78.6212377319
73.3760874146,66.8918756348
73.6760209381,74.3925146362
73.2471190857,72.200017157
73.5855824905,71.7198527832
73.5478985748,71.7686427307
73.4836208664,74.3788471619
73.6051157318,68.5714825989
73.2671568253,72.5152222046
73.4611525864,76.7888763184
73.5984122726,70.6336803955
73.3318548141,71.415886554
73.5984820526,71.8288934204
73.2159291351,80.3863726929
73.3490358826,67.8597055725
73.2493862534,68.8466457275
73.2551712738,67.7788384827
73.2800974518,74.8993800903
73.4303427719,70.53893349
73.3408015427,69.5553552734
73.2387533371,73.6257043701
73.2656428787,68.7426203125
73.3828717209,67.1749894775
73.4245620178,81.3252694824
73.4254689667,71.7871651978
73.5052843628,79.1993179565
73.512539415,71.1196617798
73.461840007,71.0273487488
73.4160357132,69.047477002
73.4093870346,71.9322951721
73.5846950821,67.403201178
73.1612617096,77.2033452271
73.2909952744,83.4674928711
73.4879920273,67.5646808655
73.4800427521,80.8941432739
73.2228510239,74.1349387573
73.2584882889,76.9019354614
73.278656868,72.0313145203
73.2244473907,67.688192749
73.429952182,67.8964434875
73.3974388092,89.4309437012
73.2257282013,73.0792757263
73.4008275345,78.5803694824
73.3816352158,73.9454880371
73.3325500793,69.2021256409
73.1973510391,67.5515502502
73.2654477737,85.6118773071
73.2268613678,68.9419193115
73.3332253937,68.4396466797
73.1879610214,75.3815342407
73.2255382355,70.8649056274
73.2938664383,79.9074543091
73.1995618317,72.4732086121
73.0771204651,74.7681435242
73.2762683701,73.875886261
73.3390758621,69.1165370056
73.104681073,69.0992870972
73.1305394348,75.3622427734
73.1890575058,68.7724648804
73.29000336,71.4296056824
73.2244309357,81.8970561768
73.2719677902,71.5044814941
73.3687887131,75.0919815857
73.1574587387,67.6656297729
73.0890864975,73.054401709
73.5537699631,85.5123302002
73.1783886307,91.0401948242
73.2068977844,76.5800333496
73.243725795,67.616011084
73.257346196,74.2093291748
73.046731778,69.1701393738
73.0893209869,76.3296861694
73.0871238785,72.3826260864
73.1196148804,72.1964522217
73.1932922134,74.709412207
73.2859037415,71.6489805664
73.3149211693,69.5406907959
73.2382067383,69.8226672852
73.0970499207,67.4694091248
73.1978718552,70.5561542358
73.1184491272,67.5132322693
73.3105979507,68.5603422546
72.9695974197,76.4730038086
73.1937319199,68.5257197693
73.1121377792,70.3163424927
72.8759629105,69.2756221313
72.9285738083,67.7970927673
73.063986908,70.2922761047
73.2003597809,81.5208236694
73.0187451675,71.7401052612
73.35413452,76.2307295044
73.114263205,71.1639172058
72.8916681366,72.7365653748
73.1735978561,71.7803707642
73.1695436554,66.9120063538
73.1687207718,75.9242951416
73.0874301361,68.5588044434
73.2614509369,69.8114133179
72.859471904,68.4848497681
73.2835569382,70.9286141907
73.0884030838,81.4310511841
72.9337315338,70.5328920593
73.0335456009,80.3055546326
72.8942296249,74.1486665039
73.0862026093,69.1035799377
72.8887263077,71.7426925842
73.041844574,84.6205839233
73.0505173386,68.970033606
72.9488139664,74.1138584106
72.963005397,75.8246532104
73.1085338104,68.523054187
73.0407503647,67.5782294495
73.1652846878,70.8125850464
73.1305066635,69.0271045593
73.1226419479,73.6463084717
72.9110945541,73.4670994995
73.0147976074,68.0940286133
72.9439573349,76.1457889282
72.8842909714,68.2794853943
72.8782624908,73.531051239
72.6432630692,68.6832603577
72.6690051605,68.8614339844
73.1696634628,71.8049781982
73.0867765701,70.9573570557
73.0613689499,75.114405542
73.1479834702,91.4226612671
73.0457762054,67.7856047058
72.8251116974,69.023402124
72.9487238556,69.4780528809
72.9745408844,67.5712505249
73.1014863571,70.496621405
73.1030362427,75.4649838501
72.9810235718,67.1588957886
72.9739599258,69.1467236084
72.8453682983,74.1738190552
73.0955475891,68.0623552917
72.9117075226,69.4936004639
73.1300847015,70.2020157166
73.0938786957,74.0896273682
72.821162616,72.8781174072
73.3296643356,82.8693426453
72.8639904251,74.4430626282
73.134372374,71.1122057007
72.8127305618,70.9707253784
72.8402033661,75.2455376953
72.933302803,67.848725
72.8794985123,68.0005516418
72.9608375656,82.027939978
72.9939405365,80.012824707
72.9176479111,71.8511321838
72.9955028214,75.4590315308
72.8053650253,94.7041608887
72.8819512787,68.8146883545
72.9526352142,68.8475898376
72.8063857483,69.9250802185
72.869138591,74.2433062256
72.7196106171,69.1231544128
72.8684731308,70.6057396118
72.8166425278,71.1659114197
72.8833046356,75.9171169434
72.8711746735,69.1332302734
72.9945487503,69.1906588257
72.9373433426,73.2269464478
72.9523640526,69.3212048706
72.7910368744,81.9805393433
72.8232344604,69.5068203308
72.8648246902,69.162650531
73.0175024826,68.5418853027
72.902110527,69.1655232483
72.9057705643,82.7781307373
72.6384219055,78.6788523193
72.711726564,73.4182758789
72.6807108688,71.0548650024
72.9228084473,66.9440929565
72.9070711746,86.9229868164
72.9896980682,69.3489741699
72.5497784088,79.3581599365
72.9524234711,77.3217698853
72.6800529037,70.1537346436
72.7133733505,67.7882036255
72.7193443329,72.1987687988
72.7019587234,68.2127136353
72.8597433731,70.4438816162
73.0422208344,83.9619184509
72.7562869415,73.2097838196
73.0000960876,72.9263921875
72.7811218735,73.1386477417
72.7123147324,67.5688181458
72.5591977173,71.4148677124
72.5812430969,71.1218430664
72.9748226059,72.4359584106
72.9905453918,67.6402340332
72.8503425858,69.8490186768
72.796993718,71.0328176514
72.7504573349,81.9975402954
73.0551856552,71.7917161865
72.8402248627,70.1968861267
72.5480032959,76.8791790527
72.5469316742,73.3519434692
72.8459308258,67.8162957825
72.935162355,72.981122052
72.6752350388,71.9036077637
73.0238547958,71.1060494568
72.6820597931,68.5948266174
72.5961187805,78.1501766724
72.696846315,71.0622196289
72.5995455185,69.2839689026
73.0661276505,70.3397051086
72.9531380859,72.8892853394
72.8259886078,78.1607461182
72.9709660797,69.690660376
72.6987279694,69.2294286194
72.8843860413,73.1806175171
72.5850753403,69.0121070923
72.736199144,72.8823964966
72.5777008774,79.0170224915
72.5088981094,72.9501804688
72.8261506241,75.1287608887
72.445489328,73.7857932983
72.6145211121,68.9212631042
72.7195942459,76.9109299805
72.7126183929,68.492132019
72.3521064713,72.2495591064
72.7839001816,71.662101001
72.503528418,70.1691774841
72.5001044662,68.3433549438
72.8467650635,68.9198029663
72.5726091019,67.1366832947
72.5779304581,72.1433358643
72.6229160934,69.1948666382
72.769832019,69.6543125366
72.5926414932,73.181081897
72.6901985031,72.4984934326
72.7012483765,69.0745629395
72.7385423401,79.6987676758
72.6244796021,82.7179476563
72.5181671402,70.369311499
72.7976573135,68.4226100891
72.8075170547,72.6615665466
72.7319001663,68.4802226074
72.4162395203,69.9884503235
72.5244454788,68.8121910522
72.8287346375,71.2106444946
72.7568606094,68.0692591614
72.7849041824,72.8494859497
72.6159497208,71.962350415
72.5507545135,67.6299694336
72.6309999786,71.5735687866
72.4987767242,85.2175608276
72.6850758118,70.4701739502
72.7419081772,66.6868551941
72.486963855,74.4574044434
72.5794096985,68.1490882996
72.6099272003,69.3620347717
72.7852015579,69.633450531
72.5911017899,80.1487492493
72.4148852402,73.115077356
72.4980553513,67.2146859985
72.4037639664,67.4681048218
72.701079953,82.3375585815
72.536446347,70.2643055603
72.4461539871,67.761757251
72.4254370041,75.6673032593
72.6377000046,69.6068516724
72.6483223068,69.7590521606
72.6082601364,68.3435944824
72.4193516983,71.7981815063
72.553591394,75.7692453735
72.6441552277,69.7187664001
72.3937046661,70.3390833557
72.5865423065,67.1632873779
72.4786959732,69.7125361572
72.4026548004,78.150490448
72.4578417572,71.2344363831
72.4587425064,69.180316217
72.4804120132,67.4075529236
72.5389406296,72.0980999634
72.6417761459,73.3123785645
72.4610991074,67.4168439453
72.4678434341,73.9320033508
72.4924333206,68.3799355713
72.5684024155,68.4590640503
72.5700139374,73.7988415649
72.3116801361,74.5844466309
72.4068029205,80.7121218262
72.4058256378,70.4447603027
72.304575621,72.3057374878
72.6040171631,68.4208878052
72.5050137894,67.8728533264
72.3092163879,71.4989070679
72.7276591324,73.5482494995
72.4192065308,71.4368796875
72.4908296585,69.1157335693
72.5999581116,68.7844417725
72.6399728638,67.8216030396
72.3832021164,72.1166427734
72.5048593796,78.4015052246
72.4162412369,74.1722210815
72.4429739075,69.9562277405
72.4697444427,73.9164153748
72.353674762,72.4034171021
72.6585928741,70.9597172363
72.5463141785,74.8079253784
72.5985833344,66.685956897
72.3510966492,69.9472401245
72.2660142334,73.7868786621
72.6122213806,70.3804856934
72.5572542496,67.1820520386
72.3621322952,66.830594574
72.5635211884,72.5347020386
72.4574608521,68.9079344482
72.1765039978,68.810626416
72.4566298935,69.9146295898
72.5231948883,70.022399585
72.467054599,77.2178933472
72.3136564651,66.9117224365
72.3712930634,86.6386914429
72.4710017181,66.7548689697
72.3685123688,68.8389924072
72.2955351944,78.0455352722
72.376117305,70.3754924072
72.2276961273,76.1714484375
72.3378655075,67.2885364075
72.2725472183,81.4328862793
72.4351176193,70.169521936
71.9906723663,70.1073230957
72.525475769,82.0180774902
72.3611863541,70.9217233887
72.4409734497,68.0987057922
72.251186084,69.8892507202
72.308460051,72.6793860107
72.2257852112,69.16217854
72.733483226,70.5349977783
72.4706478531,71.1164617065
72.4137990433,74.6757639526
72.5053267807,71.2931339966
72.4693271957,67.2912768372
72.1357197037,67.5103387817
72.2261388687,68.4635224915
72.3011750076,72.2459016541
72.4516290176,67.2858479858
72.3643392914,74.1211636841
72.2081894913,69.2178927185
72.4151410065,77.9269429321
72.6509776764,69.8507334473
72.3805815948,68.0841254761
72.2745079239,67.3681158508
72.2443579926,76.2836946106
72.3754671982,70.5652468994
72.47071241,68.7901675537
72.5247271973,70.5952525452
72.4210199875,77.1465678589
72.311031665,67.0277299011
72.2774240921,72.9385034363
72.3451346298,67.5801375793
72.5343157013,68.753106665
72.3427387222,75.5189783081
72.3569896454,69.9962426453
72.00502099,77.8025373352
72.2102109009,68.4144922485
72.0239654343,68.9381469238
72.6322275818,69.9329825806
72.2819573822,71.4115189026
72.4163850418,70.0579550049
72.4058482513,69.714115686
72.1251017563,69.7175053833
72.5108312485,72.2324276367
72.2845613647,73.8742762939
72.2680556351,73.9833901123
72.337956102,70.0920728882
72.2638240601,75.7049182983
72.2760964798,77.8621840332
72.2667744888,70.2835328247
72.4199502579,70.1380525024
72.1059302612,72.4143889771
72.1156648849,72.6297805725
72.1772130005,70.143526532
72.2213719666,69.1695316467
72.0890154907,67.2575093018
72.0019023636,80.0157531372
72.1950851227,76.8534263184
72.2982585587,74.7747326843
72.2144213928,75.9514519409
72.2364882797,78.579137207
72.427818924,74.5831131409
72.3140474655,71.8812703491
72.4503359955,66.5964352295
72.1318489014,72.8629676636
72.2985255508,68.0156957642
72.3279504883,70.8590973511
72.1801327927,68.9116595947
72.1437880447,67.9682490662
72.3270125977,67.4770675232
72.1382132111,68.0137730408
72.4045356583,69.2059632202
72.2725571228,68.6756873962
72.295441832,67.4312029663
72.2279650528,73.211713147
72.2302401077,67.2370363464
72.1193521408,66.8035585693
72.1527922714,68.1081522705
72.0213663071,70.7989525513
72.311552121,67.4556362
72.5176452469,68.6802146667
72.1337446671,66.9245778809
72.3739420258,67.7905682434
71.8099556961,70.5553938904
72.0453970352,72.1182421143
72.2244360321,67.7473725952
72.2397536438,68.1334828979
72.2232888031,67.7651278259
71.9461887161,66.9537117004
72.1435948044,73.7190816223
72.0722957092,67.9005715027
71.8580517929,70.2924263245
72.1900660583,71.4283786987
72.4231277283,70.2607614075
72.3026680313,68.6646358948
72.2757697128,70.9721600708
72.1787614166,68.4563568726
72.22972034,72.1298453857
72.136590448,82.7439996094
71.9921021515,73.8692360474
71.8212907944,71.6172841431
71.9384494186,77.3682802734
72.1926420792,78.9205093872
72.1503859818,70.5767729919
72.1438796478,69.6651746643
72.0773512543,70.7189699219
71.8760775116,70.7262387512
71.9692876724,74.4585540283
71.9735856888,73.8552208862
71.9375493515,78.6951520447
71.9149475464,67.1068984558
72.1343455383,71.7052532227
72.0481528046,70.4399156433
71.9342423141,68.9128618042
72.068963089,77.0632723389
72.1757965225,68.7118137085
72.1150794418,68.5667381042
71.9795314651,85.6549810425
72.2345607513,72.8147440002
72.1792521042,68.4907997375
71.9885513397,75.6998880615
72.3909653625,66.8153457947
72.0736183014,74.6652152954
72.1134471451,70.6718137207
71.975134642,67.3675216858
71.9149774689,70.5424905334
72.0567751968,69.0075856079
71.9658103333,66.6227105408
71.9975362518,71.3880850464
72.0820157028,80.039939502
72.1549394592,69.9043073547
71.7057086716,71.6147905762
71.7716793488,69.4815082886
72.021477771,68.7175745178
71.866494664,69.4185523804
72.0380036316,68.0049882629
71.8414685486,72.3851952881
71.7585591217,67.4117053894
71.8296384247,68.2617551331
72.004714624,68.519891333
71.8001600845,67.4027006348
71.8927824371,72.1688887085
71.9750522461,72.6902074219
72.2144910995,72.8283876953
71.9561895355,68.8718894104
72.1531546967,72.0604397461
72.0502540329,72.3509752686
72.0572273682,68.5388754211
71.9174362106,87.3068699951
71.8388418411,73.6707281616
72.0230560806,71.693094458
71.8700677536,68.747725531
71.9988555923,67.5308871582
71.8918098404,69.1978667175
72.0644296463,67.7913197815
72.0444398605,69.8376577881
71.8453332489,68.8796583801
72.0626386581,70.2188213135
71.8854018402,73.6495228394
71.9657693665,75.0190285767
71.9320790558,70.2554273682
71.8453444427,71.1113733154
72.1163751755,70.331884198
71.9180861481,71.162846521
72.0153930313,75.1139527588
71.8368743973,69.0598734131
72.132300679,66.9615104919
72.0988774185,72.1512994873
72.1780308228,70.3246126465
71.9289398819,69.6583126953
71.8563062347,68.2931741333
71.8742547333,70.1422968018
72.0840327507,72.1873572998
72.0035030884,68.9823295959
71.89838237,73.0027869751
71.8743164902,73.1031609863
71.6495001617,69.188171521
72.0041377502,67.4334218567
71.8722147964,68.2374661133
71.9532246628,73.9705436951
71.7559281876,68.9497180786
71.8172642273,67.103865448
72.0365740021,70.2227731018
71.6657305893,69.9751955933
71.8903485428,67.794938324
72.0279710052,67.6079406799
71.8809986664,72.7877754211
71.80085634,72.8052249207
72.0302384186,69.382503833
71.7384328125,70.508967688
71.8450561798,92.3095920776
71.8358407135,72.3057623596
71.9341525574,68.545658252
72.2864010513,71.5743604858
71.8977369476,70.8887034485
71.8451022018,68.1394615112
71.7787310455,73.5777284302
71.938255928,66.4742148254
71.9089517609,67.4228308533
71.7884107727,68.2185995239
71.9467227264,76.0099797852
71.9855920425,69.8463355347
72.0369929764,66.4961561584
72.0834244583,77.7807141663
71.9052103836,68.638028833
72.0344648422,68.1541048523
71.9099905075,67.8586133545
71.9456257339,71.4491170837
71.9015966278,71.0399884766
71.7011263733,68.4774162354
72.0081918549,68.4186155579
71.631188913,69.4298555542
71.9643675293,76.8935056519
71.8444580429,70.6602009521
71.8718770523,68.4093046753
71.7910152618,68.0359047241
71.8370993347,75.024857251
71.8879151962,72.8698243896
71.6202714676,69.8387810791
71.7512121628,73.8952486511
71.7468039734,73.8757011597
71.7350737076,73.3980464111
71.7827001404,69.7192664063
71.6575665878,68.1927160156
71.8944994675,67.3720651367
71.790446283,67.5933269409
72.0037572876,68.2376778137
72.0367288971,68.0685672913
71.517751918,68.4084147217
71.8495272995,72.4799307495
71.9512793594,69.0403449341
71.7655707947,70.8142865112
71.6030721329,68.4829260498
71.66934245,67.0519369446
71.8081564911,75.4612932129
71.7055274811,70.0041419434
71.9376460999,67.9002253296
71.967389003,75.7180577637
71.8486462036,67.9966792175
71.7470157333,72.4163582703
71.7756234726,72.3757169434
72.1083856247,68.2051981506
71.7168864868,66.8475019531
71.7316205597,70.4340224121
71.7393014954,68.8043902771
71.9543484146,70.4457524902
71.6817511261,92.5570932739
71.7801132767,66.9845188477
71.6307644485,76.9399912903
71.8283128769,70.0779311401
71.7638974594,69.6431910645
71.6451119675,67.2124893555
71.4754819382,69.4608152283
71.9788704224,69.7227827271
71.8646036118,71.5521051758
71.9241181366,69.2888542969
71.7978856354,67.5546960083
71.8396019455,71.0880059082
71.7110669418,76.4779078308
71.8221689804,81.1011634277
71.6742731918,68.4329126892
71.7036132233,79.7319054077
71.6754088394,73.2678691223
71.8231981659,70.6816441223
71.8330290405,72.654758252
71.8587946304,71.2028145813
71.6694379913,68.6320323608
71.5753594727,69.7664987793
71.7629993195,69.7693206299
71.8366905609,73.3189902588
71.7767381775,71.440350061
71.6310972351,75.8945347839
71.5816641373,78.3555643127
71.7772546982,68.3014001465
71.7229078659,74.1015587463
71.6981974991,70.6187724243
71.7967357758,78.6603479919
71.5520738251,72.2261363892
71.7043024918,73.1964933777
71.7610885056,71.900405542
71.6601562866,67.3645755188
71.7592583679,68.2295957825
71.8598696671,68.0618729492
71.7866696701,68.2178953125
71.8509406525,69.5914729431
71.5917150589,68.6578518005
71.4853927139,67.8202281372
71.7002813324,68.5045435974
71.7828076523,66.8732901611
71.6939498672,69.4061222168
71.5879321213,66.5892996399
71.8352650482,74.9868915405
71.643329335,68.5225046265
71.6021136841,71.0002521667
71.6378881348,73.3636585388
71.6953477234,66.9552487427
71.6984640152,69.925489563
71.6390118454,67.5184741455
71.8264518921,67.2818879517
71.7681102615,68.1892037231
71.6295911041,72.6326806519
71.6108784378,70.2158720093
71.7826694443,72.1608414734
71.8029086166,69.6974532288
71.7827271973,71.70063526
71.7892342239,70.271244342
71.6497295624,73.9203561096
71.651785199,69.4707729736
71.5785252686,77.6344778809
71.7466317413,71.5186486206
71.8695991364,69.7453385742
71.6990922348,71.041406897
71.442255484,71.2159276855
71.6393901688,69.2148547241
71.6677636368,66.5088205811
71.7746744736,74.3202070496
71.7893067871,69.5427748291
71.7242415955,75.4261898926
71.7200847244,67.0255599243
71.4786950638,75.8295259766
71.4992836746,68.6392165771
71.6624733734,70.7492792358
71.8443768188,74.8088392944
71.5268551712,71.6092133179
71.5813409546,68.517262085
71.7389980133,69.8286672302
71.5378580566,68.0233425171
71.702623642,68.283285022
71.5891129395,79.4215940186
71.5779872574,67.1023958313
71.6320614548,69.4491897583
71.3485390594,78.6339991211
71.6228879471,67.3455305664
71.7267475525,77.7723427368
71.7458329285,70.0759311829
71.6641249893,68.0231900391
71.4846549652,72.1898486694
71.5904932037,73.8787144348
71.801971524,70.1491689758
71.7571157349,68.0705653748
71.5109233047,70.9381934814
71.6330343704,70.6892491333
71.5268899872,69.9405092773
71.6093240723,67.5622835205
71.4303401581,81.5485812866
71.4696212311,71.9177603882
71.6618258209,68.6249122559
71.6719449265,71.1037042236
71.5851841003,68.6774237427
71.5622501648,73.8034039124
71.4265951248,72.6023143005
71.7505440872,72.8258296753
71.5726429321,70.3925965881
71.6434964401,71.579628772
71.7644183609,71.6577959412
71.5568953918,67.4462289001
71.4957954941,68.7070716797
71.47359095,69.3932560364
71.4028397568,68.9422851501
71.4433458267,78.8453473999
71.6106181183,71.3899812622
71.6785717453,69.9236262268
71.513256601,71.6079331055
71.4930612762,67.4259981567
71.6015773453,67.4586834167
71.5728153564,68.7517070862
71.6565762955,70.8309713501
71.4865762222,69.2689380188
71.5787554993,68.3090991882
71.4392586792,66.47717005
71.5946676117,71.4787520325
71.3575737564,99.903301709
71.5319755051,73.9727712036
71.6627621933,69.1206772644
71.4863000641,67.3282066833
71.4471807343,67.3169080566
71.3087161346,69.3416258057
71.6741828369,69.2106461975
71.4957467896,66.9174739746
71.4750949371,69.2633605896
71.4780703537,67.0197832947
71.5862857834,73.2604937927
71.4253797562,69.1761996704
71.6596936401,71.0497059448
71.4323332474,71.5388059937
71.6291416672,69.3550739014
71.4357023621,68.4009056641
71.5067575134,69.7986634705
71.3944949539,67.8290228577
71.2769823639,68.61543255
71.4541591309,67.5253608459
71.4784331299,69.8857764771
71.4370972351,70.9606966797
71.5844078781,75.1090044922
71.4907696777,66.9049922852
71.5318629669,69.8302707153
71.4756323776,70.7510438843
71.4719913513,69.8328373962
71.4859242172,68.549218158
71.3413850021,72.2637285156
71.3935548477,72.4530311218
71.4581024399,71.779414502
71.4153041107,67.9044525269
71.4387698883,68.1987345581
71.8065836243,71.638795752
71.4164371643,79.5620740845
71.5889949631,71.2377681763
71.6380228302,73.9248364014
71.6067921616,72.8274434448
71.4453676941,73.2075944519
71.528096521,67.2524469727
71.489182695,67.8711354248
71.3063509369,67.0848714233
71.5592288406,67.8757106323
71.4761879288,69.4120473328
71.622715538,68.3865622864
71.4080477036,67.8384631165
71.511024707,68.8872420166
71.3562834152,68.0367896912
71.4957292053,66.8710569458
71.322970314,67.9410352539
71.2797567596,66.675067804
71.5239330322,68.0467303955
71.2659895767,76.8243159241
71.4363993637,68.5974692505
71.2972996307,74.7908448425
71.6162611282,71.208238092
71.4445267456,66.713341687
71.5053044296,67.9852740356
71.2834250839,78.8707083618
71.6630500122,71.5689124756
71.5669745895,67.4023305664
71.4839695419,67.3313490479
71.3647940201,75.4518249878
71.4923304062,66.536017926
71.6558698441,70.1951644409
71.4791003006,69.9460763489
71.4362839996,69.8997573242
71.4911329926,72.1132916016
71.4684418167,69.4788322388
71.5308950256,68.9645609131
71.4656140015,68.3858391724
71.407119841,67.6872251343
71.4976244598,71.1927402466
71.5861574814,68.2362402588
71.4190636642,69.9993846924
71.5501044891,69.6866454285
71.3332026718,67.9375238037
71.2927030411,67.5429812927
71.2825710983,71.3632473877
71.542470134,67.9166429321
71.4865343842,68.2258405396
71.3221742691,69.676580249
71.4873617874,77.9768260315
71.3056038818,69.8542144165
71.3376281204,71.5766114136
71.4217601913,69.7847829346
71.4587403732,70.375366687
71.4262542664,74.3193202026
71.4938950089,66.4337990601
71.3809335052,73.3721988647
71.308948909,73.7470480835
71.5472038757,82.5954292969
71.457969986,74.895502478
71.4511494171,74.3330645508
71.3349677078,74.1852656433
71.4373438766,69.4944830139
71.2585266251,66.8747957153
71.3315280807,71.7201711426
71.3530496643,68.2616177917
71.3332616913,77.6118628113
71.4148495865,74.0226384033
71.2264065353,67.5270133667
71.375850116,73.857610376
71.3992173904,72.618433667
71.4037137115,67.8481188965
71.4828604233,68.968613269
71.3642270691,74.9766894165
71.3846072815,72.3738961487
71.1726530792,72.2255878113
71.2031905594,69.4178761963
71.5863351974,75.7150419922
71.4982000595,71.0130086914
71.1830951202,67.9655006653
71.208779007,73.1728785278
71.2947814941,67.9362921204
71.277498201,67.8501039734
71.240668486,74.2689003845
71.2135504044,68.7138143494
71.1350254547,73.3074749146
71.2587034958,75.7562102051
71.4662455841,66.3029405396
71.091127562,73.5633493469
71.2574239243,69.1234614014
71.1571198532,71.2735159912
71.2863009476,76.190113855
71.217240477,69.5694377319
71.3455041122,68.5537068359
71.2833916061,73.4120736938
71.4731352371,67.8788784302
71.3208264816,69.8297713135
71.3396439651,73.7988116821
71.3783845703,70.1398247986
71.4479222275,67.2388335632
71.4076935654,66.4099806519
71.4391232712,72.3945068481
71.4276596451,68.7728732056
71.193190419,71.6089617554
71.3374519165,71.8103122131
71.1781466568,69.6157798035
71.1406242172,69.2119640808
71.1371506836,72.5638518799
71.4045670731,67.0532913696
71.4341614944,66.7206312866
71.1992306488,68.0791487793
71.3160252914,67.8643181274
71.211296907,71.1785863892
71.3305429932,67.6105561279
71.2082604691,67.6521242004
71.364312706,69.2096070374
71.2965264374,77.2001131592
71.2510170944,67.6644550903
71.3234809906,75.795006543
71.3531818344,68.535727771
71.3408479019,75.602324646
71.2632089493,68.7169219055
71.3759584335,75.8104230103
71.3096186752,70.6048460266
70.9930490982,67.4105427612
71.2783138229,68.2321790894
71.3927990402,68.1873320251
71.2011262894,67.285466333
71.2201845551,67.4626638916
71.2784938705,73.5141169312
71.2540019119,77.9720042969
71.2576537842,67.8298845886
71.2777910843,69.2516983398
71.1200116898,76.3122094666
71.3040914261,72.2204223511
71.538314209,68.2072381042
71.3126981003,72.7978880615
71.319421283,69.0827396118
71.3636027344,74.5025677307
71.2792744171,68.90631604
71.2215854645,71.6963760254
71.2775592987,69.6714157104
71.3845555832,66.3960335388
71.0398003601,71.0601727234
71.385598175,70.677217804
71.281220195,69.3911533447
71.288805011,66.6990866333
71.0292980927,71.9708082153
71.2479305115,67.6654572449
71.4047030685,68.3269669922
71.2432063293,67.3538357361
71.4080194229,70.2957701294
71.3389162552,77.053476001
71.3116391571,70.8689605591
71.151603363,67.7464125183
71.2057470932,69.7086559448
71.1526394989,70.5639166443
71.2612376389,72.752677655
71.2220718063,75.2551850159
71.2106575562,66.7618657959
71.2530018524,68.4196419495
71.3644432755,66.9184521118
71.3299175247,68.2803501465
71.2251965317,73.9232449585
71.2102931763,66.565993988
71.4549415359,70.3924755737
71.2667254822,79.2592277222
71.4423658508,84.1578200439
71.1071793045,66.3687421875
71.1595577408,72.8969093079
71.2953647339,68.4178816223
71.3615366547,66.924974115
71.1238355865,67.8616480042
71.1269299057,71.0469087646
71.0285689362,69.8215277893
71.2563345398,70.5602059021
71.1913641296,70.4340538635
71.2322913177,67.0386154419
71.2890043549,67.7694435669
71.3527452393,71.5120666626
71.3475241318,67.5513774292
71.217175647,73.2934892578
71.3818588928,69.1408523071
71.0148861389,67.4185735779
71.270166185,67.3716367859
71.1679831558,81.1487697205
71.0908470779,70.7168775269
71.2938802292,67.3530390625
70.9748458801,66.5600067383
71.1105019547,68.288344751
71.282050058,68.7027269775
71.2610011688,68.4884931702
71.0437632172,67.3864343994
71.2129167862,70.5814743774
71.0823488174,74.5372214233
71.0136191727,68.251601239
71.0840410767,67.5001738953
71.0269536102,71.097910907
71.1305986618,71.466633252
71.190404335,68.4106336304
71.1912635788,69.6071558105
71.1323452454,67.3665955505
71.1500743103,74.5277124268
71.2016322098,70.4104774963
71.1881445251,68.9278834534
71.0817858795,71.6257518555
71.229245285,67.9576839722
71.0540160156,69.8444411255
71.2637794937,68.525747583
71.2449610977,68.3015182739
71.046268924,66.6900222229
71.0664365509,67.6140676819
71.1298424561,75.0958572632
71.2654527359,74.6727648682
71.0099159973,70.9844179749
71.0906790756,71.3863538574
71.1240588882,69.6365938416
71.2580158707,71.5617297729
71.2070730759,69.8806067871
71.0722873215,68.4365716064
71.1343079681,69.3545257019
71.0867719635,68.0064921021
71.0899690964,71.3723906494
71.2037804047,68.0294385071
71.2058458496,68.113982605
71.3273966141,67.8611102234
71.1367372864,69.5604674744
71.2447453857,66.6441352783
70.8722139191,68.5283582275
71.2236190399,66.6653268311
71.0394622894,69.7228922546
71.2021111267,70.4261323303
71.1762903839,67.1936364319
71.0559332214,69.3638596619
71.1233201599,76.403992804
71.0192242523,68.2995320068
71.0443221298,76.0807125977
71.2478140045,71.8217525635
71.0788449127,72.0452473877
71.0453723724,68.5940630066
71.042433812,67.3130241394
71.0163836243,69.1667812012
71.2025977325,68.0909091736
71.1020443085,70.8611380371
71.3745883301,69.8377743408
71.0780924774,69.2755282654
71.1760344498,68.3454280273
71.1450243484,69.3330649231
71.1171666397,66.6631406189
71.1506680405,72.9844174927
71.1265488708,69.2066257751
71.2361198303,70.9679530334
70.9151454285,69.1912572021
71.0370255768,68.7984022461
71.0234568726,74.1197831421
71.1970084244,67.8350454346
71.0078798187,69.0097037354
71.3512080826,68.40575271
70.9421727203,74.9272468872
71.3069873871,71.5109584351
71.0419538483,67.2134525452
71.2793162766,73.0156120117
71.1723138367,68.0649471863
71.1944931549,74.1908230652
70.9151221207,71.1021196167
71.1191717041,70.4112400146
70.9516030792,73.4035264282
71.085505957,70.9362006531
70.8611464737,69.4043719788
71.1893670898,69.3099310669
70.9412784973,66.9665999512
70.9824721191,69.8952993103
71.1219039825,67.8495697754
70.8827516068,69.8020409607
71.0996564316,69.3262500122
70.8946046463,69.3802184753
71.2470755402,68.8392221924
71.0299210907,72.6926284912
71.1837326462,69.159663208
70.942093129,69.6620907349
70.9828230881,68.3752672363
71.0524278122,68.8918911377
70.9803517685,70.2685993958
71.1532403625,67.8095270691
70.9005453781,72.1485866028
71.1478510529,66.4505414612
71.0180236099,71.2228299561
71.0876118546,68.1426460754
70.9269595718,67.8172005066
71.0457000458,66.2813921265
71.07350009,66.8798266846
71.0009153809,67.3619666992
70.8703486633,69.9161268921
71.0008798126,69.1910845215
70.9600547134,68.1671666077
71.1450455353,70.8692681519
71.062434288,71.030938739
71.1624154572,66.597740271
71.0737247177,67.7842257263
71.0564045883,67.5128618896
71.1089009369,68.7953916748
71.0267084183,69.6339159851
70.8797527161,70.4182200989
71.1199306061,74.1772395142
70.9176699158,68.7255910645
71.2229880142,66.3768657898
70.9578710144,67.1434463867
71.0382558151,76.4379022827
71.2266755951,76.1351152344
70.9214424011,69.150168457
71.0791740921,70.1341316284
71.0754550537,67.9984243347
71.1184555588,68.4351484253
71.1059337921,67.9383842529
71.2055295624,67.3070558838
71.1290046722,73.0323615479
71.1075077637,69.9338692139
71.0678534897,70.1975679077
71.0441424667,73.6489406494
71.0538600983,68.7263098083
70.9027520065,89.0142067261
70.9448275528,73.0329291687
70.9696603897,67.2677616699
70.8584222885,68.5480059937
70.8908098007,67.552493042
70.892865976,70.8024708008
71.1358360458,67.7189394104
71.0967607086,67.3207051575
70.9131833405,67.3263831116
70.9304209442,67.2224127686
71.0712910706,74.8790736145
70.8948954544,69.7823286072
71.0256514481,69.7363419495
71.0704696396,69.482928186
70.9453144089,66.7937487854
70.9947403976,69.6014547241
71.1597115387,69.4497981506
70.8235373276,66.3069915649
70.9001781998,67.8242234619
71.035328923,68.1044727356
70.9025500412,73.0145384521
71.0014194717,72.6850760986
71.0766595947,76.5395567139
70.8846533585,70.1116360901
71.1802472794,68.4227528809
70.9312097778,68.2590395996
71.0988302155,68.119624707
70.8290970886,74.5795382141
71.0262492493,69.7786942444
70.9075006577,67.8335058228
71.0430093185,69.7493957947
71.1089565948,66.5825375549
71.0555369156,71.2624929565
70.9461910858,75.5672637695
71.0588420624,76.5448430847
70.9507208313,71.999567572
71.0639155228,68.872155835
70.9630204163,68.4884295532
70.8260620102,68.7469668274
70.8482256042,70.2667042725
70.9326697174,71.3982297729
71.0081567017,67.5055410034
71.0493402527,67.4925810242
71.1028822235,66.7374658325
70.8242214722,70.3496522278
70.9820749466,72.4243738037
70.9929037918,71.0586588257
70.9895585144,71.4374001892
70.9155412582,68.4339750122
70.8541744598,78.9330186646
71.1386817429,74.8278279846
71.035301149,73.0233387207
70.9742170166,67.517650769
70.9534055634,68.9905365662
70.8716580276,68.3834266785
70.9424740021,75.1071546509
71.0059587189,74.5681650391
70.9592436096,74.1682521606
71.0182254196,67.6271727295
71.0596067856,68.0339000305
71.0129804413,66.8349683105
70.8516114975,66.690813147
70.9685778389,74.4482355347
70.9650845413,67.8313529785
71.0671373459,79.1276637573
70.9332512787,67.5587726624
70.873672847,68.134021521
70.8717358368,67.2140286438
70.9638618134,72.8751148926
70.9772543945,72.3737537476
71.0762027878,68.4992962158
70.9092412247,67.3229779968
70.8952954285,72.8903740906
71.0310486038,68.1435283203
71.0401603287,68.9212219971
70.9968448288,76.36574198
70.9463815292,67.2278148926
71.064585556,70.2097380798
70.8892520294,69.0674869751
71.0766349945,74.306984021
70.8388969193,67.4358820618
71.0252044205,68.882349707
70.9077630157,69.6281781982
70.9755441147,66.8610869995
70.9554218796,74.1087925659
70.977426857,68.9602928223
70.8392156082,66.6146667725
70.8639739777,66.7110710449
70.9695993134,70.4959211365
70.801464212,68.1322767456
70.9201483276,68.0440757446
70.822474498,69.4725220337
71.0605913971,70.4467302856
70.7872968719,71.6557701721
70.7562771027,79.5486946655
70.7892822678,75.0054744873
70.7801750015,68.1268615479
70.7777565231,67.1129609314
70.965271434,70.0532999023
71.0662445435,67.3064781006
70.8501184555,74.0713983276
70.8480929306,75.9254244629
70.7804373337,66.684696283
71.0757947083,70.7740572205
70.8479392105,68.4189657104
70.7429948151,72.1486453186
70.7201357422,74.5074310425
70.8204995834,73.4887807861
70.9571111084,72.5199952271
70.8798842239,67.1677198608
70.7952285141,73.3548268433
70.7571016708,67.3125749695
70.9713003296,68.2366830444
70.907869426,67.4096588928
70.9015073471,68.115251947
70.8327223251,71.1502349182
70.8606803925,68.2005384033
70.7938170609,69.7086931152
70.9856661697,68.9385938721
70.802324382,75.3168980835
70.7539423019,68.9636959106
70.7050960342,80.6145052002
71.0428260574,73.0682398132
70.7139891953,67.3193099487
70.8243807175,69.8024608093
70.7948772278,67.6699557922
70.6992530777,69.8118267639
70.8452749161,68.4297210327
70.885964418,72.5898651245
70.7220647308,67.0946784912
70.6909079727,70.5263729736
70.840058194,78.4250242554
70.5767382263,69.708163562
70.8968995712,70.7199805115
70.7917714554,69.3006114807
70.7119886276,74.6218863831
70.8678328949,70.8630261719
70.8387376221,67.8443436707
71.0597363724,73.0644184448
70.9058990356,73.4633233765
70.7595009171,68.0478431519
70.8071665863,67.875509436
70.8913169998,73.63152052
70.9227901062,68.7157883057
70.9211540833,68.5846408936
70.7328931,68.2035989685
70.8585027374,70.4744039246
70.5599031494,69.8205216614
70.9439028671,69.6357059448
71.0236537033,67.7325326294
70.9595002121,67.6032437378
70.8298240585,69.2568186768
70.7756292389,71.8296135254
70.7351937851,68.2197738586
70.7519204651,67.6841774414
70.9816833801,66.4868790649
70.9080976517,68.4340525635
70.6671179749,70.2148902527
70.811651297,72.8567965698
70.8234935059,66.9107527893
70.8237942001,69.5253664124
70.8990639481,66.7923997009
70.7787590439,75.8243026123
70.6985294678,69.5325988159
70.8722109741,75.3313690186
70.9550205353,69.8963989929
70.751252803,68.873270459
71.0064732483,66.4231093445
70.7319420578,67.198108197
70.738209697,67.5281432007
70.8167673416,68.5760413208
70.7130381317,67.2185477234
70.775864444,67.2041622803
70.8147609161,68.3817605774
70.8379563599,72.884411322
70.7994250931,72.0102667847
70.9092011292,66.8003813416
70.8467097061,67.1318365479
70.8770664658,68.5860654236
70.7773732071,66.8203680908
70.8265459473,68.9418957336
70.8190469498,72.4396898865
70.7885860596,69.8126576721
70.821330275,68.9580779907
70.8167074814,75.677387207
70.7189994934,70.4745012146
70.7689269089,73.5623098633
70.8377142136,80.9872564575
70.8414866592,75.4426999512
70.6966855408,67.827619104
70.826882756,72.2850584412
70.8192159882,68.7155054626
70.8372656204,71.772180188
70.7850337769,66.1364981201
70.9657524506,67.90337229
70.8117165771,68.9562936951
70.6876562607,68.2173836243
70.9776380585,69.5325562805
70.837747525,77.0441233765
70.7599737625,72.0152461304
70.5840963287,70.5111256409
70.8292634781,68.1871869873
70.7655879089,67.818607019
70.8606921524,67.3269598145
70.7983414749,74.4306797119
70.6610488052,69.0465152466
70.7604032669,68.1537037964
70.7737753647,68.5265323242
70.7226427872,76.1493927368
70.9455539948,70.5277909424
70.7823288971,70.1111435913
70.7978688492,70.2724529663
70.7859677429,72.2609730713
70.7841680084,73.1232239868
70.6242548477,70.6626897461
70.7908036057,81.2014900513
70.5661228561,70.0566463867
70.7438578232,67.3741951416
70.7437800522,69.356437085
70.8078985275,69.7952603333
70.7585847229,75.8202356689
70.8763496841,72.7346522583
70.7072797623,69.2058339722
70.6458977264,66.7486375183
70.8694167374,74.0559817322
70.7080204117,67.4577229126
70.9041391754,72.7078675049
70.5646253815,71.8186474182
70.6776621872,68.6758041016
70.6382256516,69.0217378296
70.6463891388,67.5542503174
70.6277073639,70.3380419067
70.8227102524,68.0478468506
70.7226393341,69.7823634766
70.5578392883,68.9118961304
70.6877050034,69.1131772827
70.6746949219,72.1832221252
70.6404422974,70.1112639587
70.695502417,69.4821402344
70.7260452133,71.7919619995
70.7866467224,66.6954176575
70.782510936,72.1649744202
70.9161253326,67.2268496216
70.8405679001,69.2310344421
70.8712101532,69.621471582
70.7851966309,70.5468168518
70.8599398193,68.1649522766
70.7671295715,66.1726524109
70.5398080643,68.6674622192
70.688841362,75.7134875732
70.665675621,71.024444342
70.641867012,70.0495591187
70.9425141403,68.6521120483
71.0424024597,67.0723447388
70.6025084274,72.8396723267
70.9006896271,66.7064988037
70.7967742249,70.1449067078
70.576530011,68.3684326965
70.8468353928,78.2438510315
70.7129305954,69.6026051514
70.659115686,67.9753225586
70.7708853378,71.507342334
70.7570383331,67.9694165405
70.7275724472,87.3115075684
70.786639801,66.7129417786
70.5372532898,69.423668103
70.7961979782,73.4253858704
70.6450785065,78.8402953125
70.7696727615,68.0632300537
70.6368273422,69.2381576172
70.7548649948,67.5151696655
70.7030433121,69.9058635071
70.6251307953,67.9449094238
70.7984920822,69.3354710693
70.7977537781,69.0210515198
70.7087361588,72.6721503845
70.7357925735,66.3477717285
70.7456174957,68.184319281
70.7293980042,69.9423979553
70.6941606583,67.6149560059
70.8692663605,69.967420874
70.7801778122,69.6714566162
70.680856778,68.7635647949
70.7404560837,66.5902099121
70.8878945297,67.3299541199
70.6648345718,67.2081968262
70.6152472626,69.1129579102
70.5927868484,69.655482019
70.6733114197,67.932236084
70.6547976227,67.9400131165
70.6096870667,70.4646450134
70.7006774429,78.4847730408
70.8743200256,69.2433157532
70.7160904495,67.8893577637
70.7888230408,67.4217963745
70.6490128571,68.0070972412
70.7766211304,70.4614517944
70.5656897339,66.3911021606
70.8208853348,66.5578823242
70.7328535843,67.4024250305
70.7041189331,66.9188622437
70.6995799332,71.0686716187
70.7459943695,67.7926541077
70.8797523895,77.5001658691
70.7645055527,67.4406383179
70.7184893265,71.2924454224
70.5872108612,66.3370996277
70.6038408066,69.9324582886
70.7483180939,67.473513208
70.5200267593,66.9771770935
70.5184268021,67.4305635254
70.7013049225,68.3244373535
70.5927041138,69.9782544006
70.772580246,76.6982113464
70.5080888992,67.0967981689
70.8351673386,67.1611554443
70.5952240372,76.4997759766
70.7906501297,67.8866322449
70.6063655746,67.9055397766
70.7027821808,67.8540071777
70.7293631363,68.5088848633
70.5880607162,71.2545927002
70.7025538971,84.3308462891
70.7424874954,67.8667403076
70.7262907837,67.7729210144
70.702337175,67.1823746155
70.7002450119,67.7344767273
70.720979953,72.241033905
70.6861914291,68.012766626
70.6237601242,69.5555231812
70.708562265,69.1071171936
70.6617071274,71.5261326782
70.677364415,74.3549954285
70.6875506882,67.6822273743
70.7080465759,70.5872348755
70.7435345795,69.8675248962
70.6351259415,71.0802334045
70.6403847473,68.6504945313
70.7059302429,69.5926344971
70.7934549622,68.441746814
70.5170976517,68.6286616577
70.7764645035,70.005450531
70.7465439972,69.4578090515
70.6556776611,73.281035907
70.6007595062,67.6805223694
70.5456358444,66.8582284058
70.7058703857,67.8682212097
70.5369535843,70.4788578674
70.5999844223,71.3738765198
70.8172109207,70.6869843506
70.4583231003,67.4073336731
70.6610622925,71.0977863037
70.6987361099,80.7437952026
70.6614771225,66.6423036743
70.6376845825,67.4058951172
70.5348031128,80.0560149048
70.7271616211,66.7285329773
70.5529484451,76.9824755615
70.7093606339,71.4664333862
70.6362571198,67.2834193481
70.6170485245,70.4612839783
70.6579869644,74.376047876
70.4433198135,68.660693103
70.7602487885,68.9591238892
70.8172824127,67.093393512
70.651167189,67.2901007141
70.6379782211,68.2998792114
70.7864897568,70.9752901733
70.6501555862,69.0569043213
70.5286768616,68.0385801514
70.7287526718,75.707460144
70.650708931,68.4982469116
70.5217506241,83.5398598999
70.5960772766,67.9064473877
70.5795536514,73.1931315796
70.6352863251,70.9231831787
70.6595578568,70.9701326538
70.4900741165,70.1687791992
70.6706423141,70.3799986877
70.7087631927,72.820787915
70.7699841492,66.9436540283
70.5861313202,69.2012846191
70.6615529541,69.7652000244
70.7295402374,68.5111148132
70.6665914902,67.9771884827
70.551294574,67.3626861938
70.8133503845,71.8012742065
70.5763535736,67.9597718201
70.4598027863,68.8533179016
70.54989095,67.9801653931
70.8057136932,66.7151825256
70.6231029907,67.2750191895
70.7248052277,69.3676428345
70.6481840332,72.1031514038
70.4884132385,67.3472826172
70.5822887711,68.0213620605
70.6391116409,69.42584328
70.5958482803,69.7979314209
70.8245579239,69.9836358032
70.5425542145,72.1816407349
70.6842375244,68.1241682129
70.5246093689,67.474592688
70.5704029251,68.9938941711
70.5386550842,79.9502931885
70.7464441849,67.6796681152
70.7097373093,66.8422293091
70.5616956406,73.3419109863
70.5082652328,68.2184306335
70.5416412186,67.6082506531
70.8442519653,69.6416358887
70.5313068558,68.6345591553
70.6656031693,68.5005793457
70.5077327301,77.7915302917
70.7019913742,69.2779412964
70.5390838379,67.5648401123
70.6510490921,69.1314464844
70.8134899399,67.8342426758
70.6098188736,67.9244244019
70.573574646,75.8178205872
70.5451879807,69.2440631104
70.5608702744,66.9605888916
70.624037854,70.2019832214
70.5359410172,74.3038510254
70.5617738144,72.4529807739
70.5953689133,69.2005173035
70.5724273804,67.1698478821
70.5244269028,69.277158313
70.5838146484,68.2927938477
70.5251576279,67.5070402039
70.5880584488,68.6007935852
70.4500090485,74.3547259216
70.6957382614,67.4552363525
70.5872882431,67.9934932068
70.6130798706,71.9120921021
70.6567779205,66.7871654663
70.4120715607,68.7228498413
70.5005826035,78.7495901245
70.4978519394,67.9585356812
70.5811231506,69.5753322754
70.5508289612,73.7871955566
70.4661920547,67.8231673706
70.6602781281,68.6233613281
70.5428922073,68.4663633545
70.3674134628,69.2657681519
70.4193193649,68.2134070557
70.4192095337,67.7010890015
70.5940296722,66.8647190979
70.551133136,76.8657617065
70.4199257858,68.3739817749
70.780115683,74.4909352173
70.5738202148,67.4593756836
70.6175221848,67.3591352112
70.8556427628,66.7510701111
70.7439825912,69.7440099976
70.5795117416,69.9722736206
70.7075045486,68.1498332275
70.583422554,67.5271576965
70.4825242783,72.6721271484
70.7703893707,66.5068483765
70.4541889008,69.6488305115
70.4843893555,72.0714056641
70.4950803009,68.7736008362
70.5011453064,75.455273938
70.6366363556,67.5878086182
70.5398718521,72.2458798218
70.8017170273,71.0346863098
70.5021052063,68.1708312256
70.6276441116,73.7896846558
70.5487701202,67.0085132202
70.7264558304,69.8658136658
70.415799176,83.1056487549
70.6295747177,70.6643446167
70.4968349075,66.8475099609
70.5222962997,78.0114411743
70.6385925293,67.6226607727
70.448331604,69.4977094482
70.4807241852,67.9137379822
70.544156694,67.0211143188
70.6137704987,67.2293436462
70.5303176651,69.9620912231
70.5975716217,66.8796792114
70.4923459106,66.7232650024
70.4827411026,67.9918511047
70.6027284164,68.0770557739
70.5615320648,70.2251423767
70.5854083893,70.566852478
70.6565495728,69.6286186646
70.5199872482,66.9809647095
70.4280824249,69.6385590088
70.499769989,67.08379375
70.614413028,70.4291260254
70.5669169434,73.3972145874
70.531084346,67.8046806152
70.6158532547,68.0393462769
70.5069030716,69.3049816833
70.5364691574,73.8041985596
70.6801281906,66.8983097534
70.3045707932,69.5500892334
70.4249506393,67.2172764771
70.5679894333,73.613839502
70.6421572433,67.1478156494
70.4413969009,68.8220625183
70.3553536942,67.3299817261
70.8026432861,74.6098474854
70.5590192627,67.5076878723
70.4130396088,69.2865145996
70.4746573624,66.3612959106
70.5469152832,70.5336083313
70.5421444855,70.3642635986
70.7050052658,69.6754220581
70.3913767868,68.3193406982
70.6038294281,69.8373701294
70.4232220917,68.6003452942
70.5555071823,69.4707226074
70.5494309753,69.5832436462
70.6633043655,78.8682648926
70.5022505661,69.6403077698
70.4991723984,70.4728541443
70.744728511,71.7350652344
70.3761192688,70.9755619385
70.6725376358,75.2086012207
70.3953076385,68.2059758362
70.4786375641,67.8078398193
70.3787996597,68.6396479248
70.5914106186,68.34655224
70.4488322037,69.2745666748
70.610855217,67.8686061401
70.4313861404,68.4578399414
70.5317127457,68.175938269
70.5042958115,70.467218512
70.3731637985,71.546107959
70.3879319641,67.4108560486
70.2972956955,66.3573070435
70.5556915878,67.5072611267
70.222614502,71.709909082
70.4800538208,68.4231830261
70.5832749969,68.972554834
70.3475282288,67.6330635742
70.6507805313,68.4751848145
70.3778821152,70.7109791199
70.4785216217,68.4703138916
70.4069861755,66.8859056702
70.5533364105,73.4224889709
70.8010498322,67.0168053162
70.5589564865,70.0741915833
70.4602467209,68.6478527222
70.2712089127,67.6303228516
70.483053418,66.7912932312
70.7384292908,67.4341112122
70.5875887024,67.1899189941
70.554778653,67.5720467285
70.469396962,70.1977570496
70.4012020538,73.5492250671
70.5477979462,75.9317771851
70.54304366,66.2148168091
70.3049430328,67.6309837646
70.6558165771,67.4954847168
70.5595879547,70.1089067261
70.5355866959,67.6373774048
70.4409875198,68.2807647095
70.5548590988,68.8358544861
70.662896109,69.831439386
70.690020018,69.4249305054
70.4589320847,72.8181512329
70.6032923737,70.9692337524
70.4502121765,72.1535357971
70.3613621368,69.1921984497
70.4808515732,68.9479811279
70.4385110062,72.2799657837
70.3907974533,70.5276865662
70.5204857285,71.336953125
70.626432962,72.2543285278
70.5846364212,71.370909436
70.6111372955,68.0397533936
70.3861147293,70.6932095581
70.4716252274,72.5893244019
70.6037745255,66.403225769
70.309553656,67.2009297607
70.5225552368,69.9146876343
70.3773133423,67.2514616089
70.3890205841,68.0526757813
70.3872127335,68.6872915833
70.4143224121,70.0514377502
70.4408111618,76.2172109863
70.4757960526,69.8122404358
70.4505190231,69.8047485962
70.5573476959,67.5267208984
70.2511083008,69.3809000305
70.4649931747,70.6859480469
70.5628171249,79.5538386292
70.5501273346,70.0562742554
70.411724765,66.5902362549
70.361010141,77.1298538452
70.5148123154,66.7940747681
70.6487621017,70.4863851379
