Params: {'layers': [12, 12], 'activation': ['leakyrelu', 0.1], 'rate': 0.01, 'dynamic_rate': False, 'batch': 128, 'init': 'random_uniform'}
Loss: 100.397577551

2117.88380898,1248.4694457
1254.32801699,1248.67653906
1253.92477559,1247.82489844
1252.59952305,1244.49933711
1232.46840547,1189.82186953
1115.50167139,1001.43494775
1023.51494492,942.902933789
988.39212168,730.096924316
924.571829102,1106.31357285
895.628788379,568.167367773
841.90198916,883.260591992
783.553929834,506.441900488
733.626967236,758.167073437
689.762534229,373.857941504
661.449656689,607.957821289
633.814456104,674.13178291
612.607685938,341.040446729
589.113232617,333.420815674
571.084020239,834.47438418
555.794339429,765.5085125
540.178155322,292.443037891
522.754289868,560.82813125
507.839502148,647.878300195
499.134404712,589.312667187
482.548283423,431.109458643
472.162402368,581.526758984
464.755746021,527.768556836
451.84490166,383.67269873
442.619351758,546.276586719
435.289640942,302.632052148
420.694790796,515.049410059
419.371173389,422.964619043
407.160119214,447.863472168
395.843420728,425.695311816
389.955377661,384.066893164
381.783559521,396.226750195
376.332427832,452.897514648
368.81834873,329.222730322
360.554965479,409.864723535
356.267801074,345.641060938
350.650698877,388.002671143
343.675671802,336.700987305
340.321599976,324.122255469
335.73765542,321.692351025
332.131840308,351.531192236
328.062818213,320.759087402
324.037209229,348.812244922
322.619585645,298.731619043
316.839580005,311.008854297
314.793240039,304.717051758
313.870008716,298.313056934
308.706270483,327.157643213
305.518192358,272.725446948
302.067948071,295.891792578
301.270177515,311.691950293
296.848200659,252.220636719
294.08920188,323.006522705
293.616952246,276.724199219
290.978818799,258.875515039
286.229466602,324.23224375
284.247896924,330.443260791
282.067538989,258.946034668
278.310779321,276.55207583
277.014233154,292.48954541
275.081532788,300.76336875
271.131582861,222.988512744
271.399325781,299.554375879
268.832693896,288.662341211
265.699503613,270.961811548
264.588025732,208.961342676
262.378760083,310.709018896
259.182383789,294.319280029
258.602951855,255.234913403
256.563081128,250.971478857
255.725747681,288.643817773
254.244585449,249.251739258
251.149163501,267.857355273
250.197400684,176.363615918
248.857196021,253.724746948
245.583998608,234.972241016
243.072321948,263.086686353
242.06546521,187.541676782
239.865873584,264.200768311
239.460112939,193.219357227
238.00062229,262.628891406
236.924910547,239.064254395
234.100248193,228.158149463
234.61850498,187.860434546
231.052619189,171.387283521
230.474784058,225.008228174
229.609920728,210.09443894
227.63459165,217.35586709
226.118019873,239.581157275
225.745127173,212.142155933
222.621835962,213.721930029
222.483065234,215.118448438
220.599337476,230.315962427
218.813233472,187.250079712
218.261878687,225.370604175
216.225312939,217.641755469
216.307547949,204.148778052
214.490213281,211.626903271
214.378949768,212.299479175
211.369956738,184.781394287
210.305277454,225.385576953
207.692557678,227.412873193
208.68564375,198.276984814
208.141669214,196.253131348
205.62509248,223.629100684
206.242771997,195.990946436
204.237719385,196.555922583
205.189088672,206.441049268
202.762274048,203.680072095
201.568622327,175.160806201
200.915206421,214.210229297
199.791325659,171.931752441
197.751150098,193.500256519
198.127719141,183.831080151
196.849002112,211.04138916
196.625339233,193.586508252
194.547459131,207.359471118
193.468261633,174.402683691
192.574243066,243.831825488
193.575115015,177.809312988
190.743813904,195.85339624
191.217965259,173.435963867
188.717781006,222.856902441
188.270764014,163.39541123
187.438981116,209.488090723
186.408968762,169.660829736
186.261309619,197.217853027
184.484268896,183.549280615
184.019784583,195.799268848
183.47690061,188.557492065
184.086737036,195.647925659
182.533988989,181.508613574
181.300204614,186.582948926
181.234019421,196.163233691
177.891940356,184.02647251
179.193712292,201.115101685
178.066576819,191.568719238
176.8089922,165.729755298
175.335394055,180.863401514
175.120577649,151.827071143
175.723792212,184.933063379
174.365156067,182.349825635
173.794366248,190.842456104
172.572809058,146.158839209
171.82452926,187.345964893
172.289478552,185.721502246
170.70549469,203.410037549
170.752369385,151.091014258
169.915532495,181.022486987
168.467767139,154.632854834
170.050751782,183.125285937
166.047294409,159.732634131
165.879005872,157.268477222
166.732409216,136.540378906
165.424860095,179.547854004
165.383689343,163.84741499
165.41039032,194.079210156
163.612391382,153.690965088
164.861405164,196.110210547
162.15936781,168.323373291
162.57087594,181.043055273
161.718211084,161.364764795
161.030199756,152.441726172
160.639340674,166.986797803
160.08203606,167.456313306
159.180706409,146.147140381
158.32682229,159.740467456
157.908376147,165.889026562
158.346147473,121.106985986
157.219869775,157.214069983
156.863998096,155.449118457
157.037361279,182.160126807
157.311640393,136.29212373
154.865318872,146.83976665
155.393993176,162.475684277
153.783837354,154.274894556
153.269580872,134.634339795
151.876080566,149.84287207
152.740776929,139.720235229
151.455861633,160.942193677
153.2809453,173.168685449
151.648260925,168.054445654
152.100767517,118.444896802
149.039119128,176.589875244
150.251485278,149.316820483
150.122537061,173.504073291
150.61595929,164.692380811
147.513868359,122.689946179
148.408820276,133.632867847
147.380457935,137.127455322
147.155262842,147.758239575
145.900649036,138.257588989
146.954829663,130.39322356
144.849224658,131.026793091
145.967799219,164.690554736
145.818886743,142.894294482
144.352340137,111.47129021
144.987315125,125.042543091
144.624372546,152.354282324
144.075482861,186.956748193
144.303968713,127.65839729
142.370067285,135.81516167
143.0624276,154.179953149
142.282988586,130.180571411
140.694850537,113.155366138
141.321089648,111.647928247
141.976492639,129.604295654
139.81397417,143.447368311
141.319766223,123.730955981
139.282639868,128.531764709
140.114119824,132.713089941
139.915788647,133.256797803
138.688414441,162.136771387
139.964596338,167.240380371
138.352512634,158.484419116
138.056958716,145.145766895
138.138250659,154.919767529
137.679137048,126.614077905
136.475849231,131.917674915
135.355683545,143.090806519
138.181752405,155.862829932
136.486648621,120.113813281
135.435912488,164.373489526
134.881809302,145.965074951
134.388459412,136.889804053
134.461218567,161.436815869
135.535868469,138.418774658
136.030009717,124.668201904
133.665300427,132.106505029
134.995183423,134.102709863
133.787862378,136.313241162
132.549848206,146.350768945
134.145719128,128.853081055
133.323684509,155.036350342
132.103978162,143.773821484
132.885087927,125.789731543
131.138431604,145.6383771
130.575754016,138.159328613
131.065004175,127.598176733
131.864818579,101.876384033
130.264761755,152.097341626
130.02926637,129.244035303
131.03872793,151.251254712
130.958508203,93.8242560425
130.169171716,109.377822668
129.313675049,132.84762666
128.763906531,144.024131104
128.987970874,152.722666992
126.984172363,137.11490647
127.844653589,161.731444507
128.66326698,134.696604541
128.16450686,108.213624353
127.652159351,164.404854297
128.746597681,127.422272803
127.41670769,97.4600567139
127.495009216,142.802298169
127.190560449,157.357568896
127.029974463,136.099225146
126.222152368,122.291077808
123.229556299,99.2009773437
124.21347594,118.067845532
127.179494727,151.379827759
125.764555151,124.282492114
127.415684778,113.78604082
122.569764575,143.248489941
125.01778219,105.755753491
124.495767542,152.341085889
127.235174194,109.720484692
125.045601416,122.842495654
125.860575427,150.65087373
124.598882129,92.8450012695
123.030147021,127.125959033
125.005137439,122.975899146
125.731811865,118.09409447
122.612556653,144.631084497
123.16821626,103.250052881
124.533909839,139.578070581
121.711039905,117.961832947
122.964399194,101.242286792
121.958310535,119.093675537
120.788648804,119.788571704
121.606402905,125.790682007
122.290389758,99.0148780518
121.234192883,118.556682959
122.749734167,117.104092603
120.967924438,136.807380933
122.27362041,130.350219922
121.10874303,126.922013208
123.438136353,123.057861243
120.539894702,105.627160181
120.419931128,141.219877197
120.665904968,131.753722827
118.071485364,145.295987891
121.89905929,139.244416357
120.271758923,137.462040112
119.203992517,130.13349668
119.544158752,133.672383179
120.336384216,101.176108472
118.144047339,104.778273169
117.701842639,97.5364661377
118.774718054,132.317843506
120.367233398,116.741747742
119.407311523,116.221339819
118.098059424,110.30811106
119.849000696,130.011070386
116.374416699,149.210463037
118.04331991,106.074186548
118.057570483,119.809060107
116.263005847,129.083857227
118.304552783,130.021449524
117.988999695,97.7960860352
117.535245459,118.105477319
117.64590813,101.212196545
116.492019604,135.980121729
117.47620116,108.193401904
117.729961279,97.3224869873
116.07812356,141.992905225
116.362740405,132.291590649
117.403421606,127.575584973
116.408888062,134.815964502
115.04938573,89.9678187256
115.123333044,103.612672656
116.589778577,116.954978015
114.299343127,149.468785742
116.146919092,105.613313135
116.356902563,129.059071582
117.28385813,131.020822046
112.431120471,123.708520959
116.688311243,133.400113477
114.568564282,97.6131727783
115.141061938,117.310713525
114.111609229,89.3633711182
116.406039465,129.159604065
113.681094666,130.025418555
113.217197644,90.612110376
116.153817224,97.5040064697
115.2961448,107.204875903
114.492111597,91.3985039917
114.671569873,121.853332471
114.173676929,82.5701501587
113.727332581,111.233855298
113.125556946,97.4033584229
113.759101135,116.745067737
113.425215295,125.555963403
112.344159741,115.765255859
113.938599243,106.103139099
113.586379846,107.163884314
112.748176123,93.4075682739
112.409707019,105.867143213
111.560154309,111.358959888
112.446572815,107.096266077
112.078734888,113.122212158
112.72523075,130.103066064
112.673436877,138.411758301
112.743543042,89.7341340576
112.081343542,107.40318855
111.639464587,106.848311487
110.179336035,101.05389917
112.533761096,99.7118461182
112.245803491,128.928972754
111.579181323,106.464492944
111.957185889,94.3038749023
108.824488831,105.055425708
112.383690662,111.192667651
110.664624377,125.391361255
111.103989673,102.944444922
109.694382458,100.142186829
110.021755151,139.928907324
110.201641736,97.2421282837
110.386201624,119.508522803
110.18966355,91.7849775879
108.700680542,100.84550874
111.160643652,118.782471216
110.770762866,138.070385986
110.606621594,106.809461414
109.983628113,110.41510072
108.840362097,132.730699146
107.663409766,118.434341638
109.759993103,131.305733154
108.110864294,101.55934198
110.148573022,109.545248987
108.615719263,119.73684082
106.79253999,103.186016663
109.142474792,95.9869333374
106.053652881,87.7083570557
108.261908533,112.792321216
107.557680072,109.37952417
109.472647937,100.401396912
108.545458228,95.4743256104
106.739766956,111.038348718
108.629630164,99.6619421021
