Params: {'layers': [12, 12], 'activation': ['leakyrelu', 0.3], 'rate': 0.005, 'batch': 32, 'init': 'random_uniform', 'dynamic_rate': True}
Loss: 211.849795508

3031.93187988,2031.02651367
1484.26623323,1137.46270225
1100.54886044,1034.6884499
945.38848761,982.634236328
852.192420331,788.301743164
783.751462933,750.830229395
739.758547827,727.582465332
705.830694763,722.899508105
683.341812695,651.865523535
659.207378473,655.1506146
636.48362796,605.870910791
620.559938776,618.242205322
607.397764087,628.988592285
596.444102972,599.539961035
586.177523328,590.178061426
576.02386709,600.182182666
567.09492879,564.041247363
561.712449127,554.822152344
553.860485181,617.634644287
546.766855756,630.279600928
534.382890128,547.19235542
531.273564789,532.243953369
526.178865137,529.482422949
522.312289856,526.888584717
519.231390955,540.53435918
514.893904871,541.939859766
511.10406308,512.290935449
507.139920929,577.410181445
503.891680743,507.648386768
502.606108649,509.231250146
498.490990942,517.118595801
494.196459344,515.644411816
489.376783582,533.10813335
487.422704547,500.948555908
484.023187341,498.510953516
479.807283597,493.891347363
475.824865869,511.250321729
471.08097019,492.564187939
465.555729462,468.477891992
459.684533362,468.092226367
450.215495605,458.48680835
439.451711188,449.951158838
432.720602972,461.060728125
423.819592926,433.52509668
413.870270963,435.575945752
402.377844205,414.487351074
393.691476123,404.127285645
386.283097531,399.950112158
379.547176617,389.450918555
368.939826855,366.45242478
347.448279782,353.422436841
338.979990338,347.577607568
330.890344327,326.518186426
326.880398126,320.480430566
321.502651279,334.192855078
315.037266052,338.146835693
308.295383768,353.353131689
305.322063974,327.931555444
302.342285992,337.268790186
298.756132642,294.642390845
292.830751672,292.770260229
294.021158215,299.610834473
289.76494046,285.286680811
289.773356613,299.397580347
286.828677789,297.450533984
284.656135992,330.117323999
284.171140405,290.84179812
280.892845197,284.644246924
281.729771622,287.010744434
279.860545389,289.654624097
281.153544357,285.213076367
278.334564526,292.996768213
277.70196091,296.940305615
275.418519763,295.354635693
275.15070314,303.371367871
274.506262939,275.20187771
273.83164415,278.876603467
272.533956424,318.663744336
272.523511044,275.024106885
270.972490894,310.362240234
266.811824756,307.288497217
268.17632041,312.611563647
265.155799838,273.615935669
264.195358575,307.585828149
263.996782523,304.922784961
264.637794919,288.210874585
261.929962476,314.511455298
264.486628497,274.380283203
262.926810764,270.924482642
262.557353006,320.505769531
261.376724332,296.84838291
260.467044241,278.000710059
261.335443271,275.138766235
259.968243057,355.847560986
259.464336142,265.928020557
259.685494046,268.481733838
259.676510931,276.308456079
258.000270596,257.995965625
257.013488394,256.986683545
257.714772952,268.313017041
253.822639621,260.883492822
254.842584662,258.484685327
252.532835678,290.491591797
252.38764325,257.36174668
252.569697562,271.146101709
252.598854929,258.814935059
250.867338892,257.481442236
250.094856897,313.218926514
248.812334839,277.505958936
250.037493689,258.250754077
250.651924228,289.782802222
250.25548605,304.260139697
248.732906613,260.301265845
248.954466452,290.749775952
249.311200928,262.783253979
249.007158086,265.634715454
249.569487936,260.527786597
248.472841861,251.81501687
248.003104349,272.1153427
248.663813275,267.504215796
245.974557681,255.393349829
245.098157263,278.038478467
244.56176203,260.928562061
245.078126993,266.052723657
245.701903629,257.380346729
244.629568019,257.580050171
244.324564874,266.448568408
245.866947531,252.245713306
243.377511243,270.578528491
244.219443915,274.55294856
242.895939383,266.958454272
242.525576154,253.416257593
242.723460977,251.814538672
242.5334435,246.935240869
242.441339108,259.657324097
242.355546555,260.979208179
243.416740738,252.109063501
241.722225418,248.25242959
242.091199878,263.623140039
242.447655209,267.793086133
239.31272468,248.241994336
238.342911847,265.80092229
239.883969577,322.933456128
239.066642532,257.861133862
238.753643927,265.43373252
237.35668685,253.672000488
239.878668463,269.560745288
239.741414273,246.251361353
239.397551282,250.793620654
236.550136444,254.876533789
239.102314407,253.085644727
237.860787335,251.485861646
237.523174121,251.109508057
238.911089957,244.145459741
237.205001721,246.436482983
236.988104749,255.999526904
238.496458063,245.149442285
236.936074893,245.902001196
236.839268768,249.898632764
236.611222726,250.886812769
234.738153815,252.997917847
235.640806723,253.00872439
235.198614697,254.822435303
233.660685434,246.311727197
234.676821854,246.256753711
234.2862716,242.181543164
234.937557739,253.525880664
234.247103317,267.135797754
234.800326547,245.058719116
233.871820093,242.679361694
232.236905493,244.236702881
233.106944955,244.772775317
233.550640884,280.021889355
232.490403217,246.627195337
232.039515378,248.493552979
233.984322278,250.438233545
232.278824713,242.198129395
231.786311397,245.292235571
232.688043369,242.743364844
232.138652014,244.648675146
230.714510577,250.230779199
230.689227084,236.631022314
230.235371951,238.679938062
229.215836554,238.204612036
229.36312872,238.2225802
229.304734508,251.872942944
229.444474051,243.710796997
229.022131522,244.36725105
229.260517822,241.690457471
227.32532005,251.439805957
228.037932495,240.233412646
227.6276444,254.082110254
227.142702638,251.428648828
228.030208809,239.355564893
227.836385553,255.052788818
227.255368492,242.670428687
226.923961942,241.048596143
227.057123401,257.95315625
226.719796663,235.795202539
226.165747488,238.2474
223.623556644,233.979277368
224.751857266,233.522194165
224.281723145,240.583871069
224.592078625,235.770085645
222.559880182,268.689019385
224.292266971,240.654127954
223.849556366,234.794491943
223.407898389,236.047810547
224.260459445,248.578094507
224.658430502,234.154500977
224.484879721,237.540588306
223.587175833,232.90594729
223.409586731,232.226504712
223.072223373,239.457534521
222.945545865,243.522670508
223.750173654,242.794488672
223.206907103,229.947399109
222.98346911,244.502948438
223.51926026,230.307664063
222.744882291,246.869185352
221.388589203,231.288704492
221.834049719,238.639555176
221.869472223,232.199799805
222.113247273,233.525715991
221.594917578,246.891654639
221.303190942,238.903139673
221.471389326,243.303280981
220.154310275,238.954475928
220.249754144,229.12950249
220.989125667,230.750749707
221.282776862,232.974364868
220.440100714,255.981857007
220.890883716,228.58089751
220.511597665,239.580578125
220.786654082,231.629446753
220.276219052,233.391492871
220.571630435,228.776334741
219.878819019,236.68018219
219.407594504,237.53051897
219.506479797,250.589341797
219.998308881,239.472179517
218.906964307,236.620133301
220.09129935,234.898576025
219.386212131,242.117310913
219.417676645,245.083972925
218.500501556,228.143410181
218.503225867,240.210386328
219.269028781,240.076604419
219.446144943,232.458993945
218.525210925,242.456692529
218.649196658,228.258536035
217.775493307,228.913187695
219.123617715,232.506132666
218.292730614,249.938689746
217.324515601,232.392095776
217.927714935,237.506678955
216.747102344,244.097962915
218.167770285,227.676466895
216.772262994,226.909201807
217.280634549,230.412753516
217.227020943,226.363267163
216.657594971,229.402536963
216.892712393,227.648488916
217.069090182,226.897444946
217.456049846,227.738954932
217.148986139,244.759750781
216.379753705,226.641120239
217.269736307,226.720281006
216.874360683,226.185017041
217.039510655,231.137879956
216.754854066,230.419819263
215.784251614,226.168443481
216.679715848,226.252184033
216.343163361,238.409658447
216.652843454,235.274352344
217.273914302,225.585289038
216.70113699,230.861470361
215.664360712,226.341949194
216.427914716,233.171791699
216.735453317,227.126350562
215.328527325,224.617834717
215.55217048,231.597958203
215.365259721,227.837083643
216.004575711,237.599613452
215.238566977,225.268011841
214.625253151,231.066572168
214.269317261,230.769604199
214.941501443,237.984295239
215.477342337,228.817166577
215.931613568,225.60982019
215.413583072,225.197838013
215.611363651,226.989973682
215.201521738,242.217561475
214.802029779,228.621460718
215.440788194,225.983220557
214.885209338,227.987504858
215.507822632,229.572812036
214.751509505,227.774438916
214.593323911,226.851248462
214.431583017,227.957739502
213.911245752,226.009382324
214.490120415,238.070408667
214.337822624,240.902761377
214.133790421,229.528677026
213.640063785,237.176249707
214.514110706,235.208392236
213.814806573,226.701520166
213.302102899,230.348278076
213.640774814,225.912785596
213.866648477,236.558378687
214.089068008,226.978435767
214.076883708,226.039054687
213.079053253,226.576374561
214.341908633,233.105679297
213.800411409,227.057294043
212.917811737,237.030915186
213.124888147,232.977377783
213.650554855,223.183408545
212.1396492,232.696290503
213.119536316,234.093589063
212.303828409,240.280956543
212.883469312,239.315718774
212.189762543,225.175491724
213.160383505,239.125797949
212.872193187,227.675762036
213.004712486,224.771038696
212.328720105,224.221747754
212.866550299,223.739889185
212.965607773,244.527408105
212.261915593,236.889632178
212.542552148,226.152069385
211.974631204,229.871460571
212.255776334,223.716004834
213.411410715,230.74106897
212.187777507,223.260281836
212.339844141,223.235828369
211.873984094,224.915855347
212.442153081,224.066987598
212.097693161,242.572928638
212.137171115,229.981046094
211.245532651,223.290431396
211.600469519,228.12944707
211.20620708,231.787623193
211.830960963,227.954599463
211.636278465,225.034455762
211.367449281,229.078644604
211.218039601,234.388047852
211.580342807,224.335860742
211.679978128,223.436751855
211.850315848,226.771409717
211.726298711,222.336762671
211.548467735,225.000666211
210.910908926,226.260867554
211.470333481,223.852703052
211.281749104,223.963783423
211.21468705,224.171242065
211.148659048,223.735028442
211.437744827,234.271387256
210.539159943,225.178474805
210.922222818,223.500074756
210.742492236,228.583928491
210.299120714,223.81512793
210.925393048,225.855980054
210.815639047,234.580224243
209.612089789,222.254244849
210.974948273,230.646537231
209.893078256,224.787013403
210.394111011,222.146100781
210.198223859,223.253263306
210.67279111,223.913389331
209.678187061,253.811982153
210.053302518,224.023384741
210.590051324,227.823819922
210.645725185,221.960811426
209.958640372,244.162423755
210.516693118,226.196343872
210.878707542,224.457838379
210.078395197,225.025069556
210.142672195,223.553732422
209.478470956,232.686715942
210.091719659,229.086398291
209.501687466,221.315871753
209.870888614,228.020030762
209.724217087,221.925699609
210.014990092,223.408692114
209.703978592,223.538867603
209.870745667,222.369492187
209.548413446,221.058653809
209.75052334,224.530350806
209.83429682,220.851466846
209.129433954,224.658634424
209.809207326,226.908202173
209.412833084,221.701964893
210.084003699,221.301263086
209.120040794,222.759991406
209.650491319,231.350898193
209.351926718,221.26828186
209.23019393,224.796708911
209.545948572,236.422326855
209.573590639,222.230857007
209.365969817,221.820027246
209.173790466,235.174957104
208.784381305,221.935710718
208.397148236,222.551255029
209.171943884,223.917875903
208.317574202,221.883142114
209.17986882,235.349816577
208.893677371,223.028674463
209.42941304,220.390487109
208.49072085,221.883570288
208.938927907,220.536930396
208.630972687,221.626759338
208.717838342,231.173759863
208.883114352,222.360739648
208.716762837,221.71763125
208.923698151,223.612417407
208.712166003,245.568212842
209.151226193,223.132542017
209.104159966,231.354699707
208.947117227,233.77764375
208.371559384,226.047906982
209.127106955,223.232162402
208.800553044,224.802953979
207.983159796,228.154923486
208.663130888,220.813927783
208.122917227,221.754172363
207.984902646,221.539076953
207.749935541,223.204509937
207.616966119,223.856156812
208.245950246,232.360330566
208.512975293,222.235195776
208.196498062,223.839599463
208.739794843,223.294105005
207.470816391,233.582224561
208.199662616,222.87423772
207.978959473,224.099934839
208.335551273,223.146588721
207.979394916,220.999005249
208.518025395,223.327649048
208.174218015,223.537696851
207.364369052,220.724838281
207.794124509,225.814811157
207.337308545,221.4119354
208.019221669,223.90134397
207.928618094,222.698143506
207.903362967,219.84339978
208.043323965,223.420207739
208.314139789,220.747337622
207.346540909,223.504170435
207.455933749,219.870391211
208.003168692,224.873173291
206.772865457,233.92652439
207.227336649,221.119406934
207.123498418,224.074463574
208.015736084,223.126821533
208.016969341,219.608467773
207.840185104,224.829690503
207.790773856,229.123587793
207.588032036,223.755892578
207.793139151,223.659424414
207.17632316,220.731100049
207.188896016,221.833482861
207.140780836,219.422950635
207.366861612,226.242561011
207.01991105,223.650263818
207.247649634,219.93086875
206.868195909,220.501872974
207.315126093,220.138127759
207.465324313,219.877819604
206.015092383,239.112519214
207.55545372,223.601396826
207.457211459,219.992277417
207.523026077,220.253272534
206.919941284,221.274417725
207.315208682,220.63088728
206.768795413,220.282505322
206.872365344,220.944152539
207.742812718,222.604094946
207.011361104,226.388547827
207.431912643,221.685890356
206.908648091,221.4665771
206.756245699,219.331372656
206.630509219,219.314029199
206.483293167,219.837973755
206.638649681,228.733449731
206.475350339,228.151323413
207.083791364,225.422444507
207.016792886,221.925634399
206.763851968,221.307783228
205.782790781,220.246722778
206.929890909,220.190573828
207.291572162,221.006403906
206.604242511,219.597666748
206.127696521,221.228179639
206.986990533,219.567052148
206.801988647,224.022201123
206.777810567,221.986234351
207.077660516,221.39245437
206.323814673,221.407585254
206.347814743,222.624722803
206.60494361,219.176171436
205.918725862,222.872400513
206.515350224,226.836356104
206.282133887,229.376452612
205.972906909,219.91719624
206.367930174,220.722729028
206.516224191,220.132643774
206.677648112,219.145930933
206.302031432,228.765338501
206.424893192,221.086202271
206.502440248,226.163565063
206.444104652,224.629406714
206.089810693,218.743545361
206.434885498,221.004605615
206.207755963,219.636524194
206.198349976,220.888840698
206.489205904,219.950730518
205.902659264,237.872394995
206.661014929,220.342707227
205.989779614,227.740800293
206.082044295,223.83293396
205.954185028,223.355213208
206.184902263,223.857504126
205.742296658,219.790995117
205.795979428,220.077047168
205.624120959,219.913908398
205.845761197,222.924125781
205.697182863,225.159583716
205.833310513,230.157201001
205.876615646,219.948973438
206.257919489,220.98285979
205.847424939,224.537485718
206.166974884,220.172001147
205.564942804,231.545252783
206.030181015,219.807627979
205.873302834,221.751943848
205.7519423,219.390034399
205.673847954,218.9996375
206.099651892,220.45471355
206.130728592,220.348903662
205.249142279,222.002913062
205.727602869,220.814303247
206.011195479,225.254004858
205.498652496,220.874745215
205.293890462,221.617406104
205.99316402,219.755393384
205.651624391,219.574126074
205.645895909,218.704317651
205.751393663,218.856529517
205.811709764,222.175473096
205.781772961,221.80774021
205.232293768,220.473654395
205.89299039,220.029760376
205.219541595,221.764909814
205.591075089,226.148277832
205.491025838,218.733029028
205.600306361,224.092585376
205.348615424,221.997431885
205.801566901,220.284588232
205.778301764,225.626876343
205.528356509,219.991818652
205.305358389,219.520976343
205.608622049,220.074600122
205.547463235,221.008472095
205.245580029,218.86293064
205.439394585,219.117960645
205.658677805,222.311210937
205.400077499,219.25508269
205.012066284,221.489971631
205.326390938,220.480800342
205.46594191,218.763142554
205.435265163,218.626647705
205.47003448,218.528698584
205.488724828,218.7577802
205.401556813,218.835579272
205.554751016,220.19585835
205.102711243,223.246732471
205.013417912,218.955878833
205.370886304,224.086375903
205.452010146,219.273901562
205.300005151,223.088991504
205.181589029,218.532319409
205.193034341,220.37832627
205.297033597,220.319086621
205.133714563,220.954267798
205.065107181,219.003775122
205.081205392,219.873999487
205.354911021,218.231922534
204.964120599,218.717909619
205.235325781,219.188996362
205.357792067,218.219214331
205.298663939,220.344485864
204.903318604,224.121094287
205.246447733,220.078618628
205.10626255,218.495770752
205.438131851,222.875356738
205.18347018,226.060709814
205.155429256,218.126161523
205.183634045,218.100276709
205.176257802,221.600877124
204.990658311,219.804651318
204.912832661,219.442993286
204.878623904,221.779824756
204.880567801,218.986108618
204.883388319,219.727164014
205.039096397,220.988584937
204.958087515,223.366708228
204.854400763,218.567123437
204.712446924,224.768555078
204.94270807,219.015342603
204.954975726,219.833075073
204.682668764,217.928252026
205.177549535,218.526367041
204.68859328,219.880473926
204.670061111,221.655676123
204.692562421,221.236519336
204.991474052,218.492956348
205.152529375,220.528935864
204.682757257,220.002639111
204.903570099,220.707129346
204.897924606,219.094746899
204.756648805,219.711275586
204.36556369,218.142486182
204.646113857,219.181829126
204.773357288,218.873123633
204.757083885,219.032119946
204.724461362,218.57976416
204.483555957,221.436800439
204.334826875,219.208237427
204.851778305,219.880610522
204.805700476,221.746977319
204.896661717,222.147646655
204.466492711,222.273842358
204.741247911,221.489304614
204.613977016,223.141574658
204.706407904,220.847296899
204.792772116,223.754079761
204.92524993,218.301010645
204.781535419,219.276059131
204.756363983,217.943767603
204.543228691,222.180700928
204.759733163,219.704727881
204.329327975,218.470200854
204.418249835,225.307407275
204.615938751,219.627040771
204.514351634,220.170947705
204.696324387,221.350804858
204.410347908,218.015699463
203.899476895,225.351715283
204.312779535,220.132664062
204.196665834,218.453287378
204.188725848,218.818760596
204.400821165,219.02245625
204.371652959,219.339261694
204.664934354,219.699067627
204.669171967,221.522316064
204.347139752,217.928010962
204.462419415,223.704730298
204.099352164,218.612141113
204.473271611,220.65382019
204.504459375,220.063597095
204.335602887,218.624953955
204.397285089,218.01450752
204.237964117,219.554540869
204.091441806,223.146607837
204.398833868,222.051674414
204.484825407,222.233916333
204.398739166,219.100331006
204.145281395,217.801892334
204.438303806,218.033541333
204.203814764,220.902908887
204.13652117,218.217540503
204.031971609,219.429642358
203.987333269,220.240756006
204.342215305,217.929974194
204.30679763,220.271242065
204.488611578,219.146037134
204.12907269,223.454499463
204.39029437,217.747958203
204.322629704,218.873934082
204.364670572,221.218556006
204.135165814,217.591887793
204.057410815,224.432284619
204.204081461,219.861016162
204.187426181,218.727132324
204.278751987,218.043884497
204.308665288,217.876208081
204.239070796,219.749871509
204.34734129,218.618652515
203.96762139,218.109114233
203.98790649,218.49027063
204.318485342,218.666021411
204.188024492,220.017254224
204.326127133,218.154051025
204.201324748,218.772765259
204.264716808,219.683087744
204.011043909,217.871351978
204.407490938,218.350261816
204.261674341,218.541897705
203.944704741,225.86709707
203.664288086,221.08124231
204.123507019,217.90089458
204.214128229,219.196003784
204.038760982,218.372645361
204.183771602,218.127106665
204.070836185,218.402604346
204.238450546,220.000709131
204.234096594,218.819607544
203.987095901,218.151272656
204.09619514,217.768356299
203.931152585,218.597592773
204.00689455,221.577710571
203.676750441,220.257024658
204.184072748,219.086793921
204.19256384,218.918405469
204.225222888,219.27303811
203.962588699,217.847823267
203.871017947,223.407791333
204.24811284,219.269183374
204.073193954,217.843376123
204.078154379,218.558001221
203.935078693,221.951870605
204.096626401,219.147814551
203.825611838,221.377658032
203.946487788,218.616172095
203.962738393,218.445570801
203.958310152,218.240405127
203.953622128,219.185651685
203.905516205,217.652328638
203.854754298,218.313725562
203.81226794,219.885509351
204.024665451,219.694899292
203.962959641,218.69357522
203.892189865,218.490041309
203.921394193,218.043699561
203.819922699,219.81286897
203.863309531,217.716765601
203.871137355,218.457481372
203.750123094,222.26115769
203.972167194,219.342273169
203.969832132,219.047887939
203.970331403,218.089342896
203.842692592,218.396596729
203.809521895,217.878812402
203.869288809,219.629628857
203.95687005,219.569528027
203.877145973,218.284407935
203.982473676,218.682488989
203.587874265,221.678064136
203.949903839,219.096212109
203.706066708,220.820580054
203.828658508,218.115250244
203.790774649,218.801481738
203.845283034,220.395810132
203.715641838,218.147243994
203.621872394,219.798865747
203.74143629,219.370556665
203.444182857,217.497734277
203.686206606,217.877172974
203.843697836,219.241980957
203.832724411,219.164058325
203.765409705,220.351959937
203.6756931,220.734262183
203.847698868,218.022106445
203.664080908,218.43205332
203.670086726,219.709966553
203.708790924,219.628469092
203.776565854,218.197074414
203.788514825,218.434967651
203.721429871,217.84548064
203.714117711,218.510359912
203.612062839,219.242092236
203.465099213,218.208663647
203.73556882,217.791667993
203.644559796,217.692787354
203.798769783,218.350050122
203.66455851,218.895976099
203.572956314,218.73642522
203.596833423,217.58307146
203.542757193,217.419882471
203.666625404,217.874669019
203.692312854,220.666501636
203.702878658,219.591638281
203.664751804,217.749914819
203.657113672,218.107352002
203.680910762,217.840374976
203.674454852,219.920684277
203.658172913,217.860792188
203.665933244,219.246091382
203.650915689,217.674754761
203.683085841,219.224610034
203.480851642,218.095093213
203.542509753,218.097237256
203.638154941,219.089271851
203.63285623,220.250151709
203.53784968,219.992091187
203.628068028,221.654394897
203.653883826,218.340828662
203.452309824,217.390838159
203.777514957,218.972644165
203.383505408,219.946386841
203.570456297,219.181934863
203.600581694,219.257260913
203.491914299,217.747782397
203.583683708,219.033408203
203.560061194,218.556965601
203.623463284,218.737888965
203.578617686,217.933270679
203.674757793,218.690033203
203.446809177,220.102638794
203.496616829,221.530953564
203.655908609,218.539713428
203.527940279,219.127300757
203.593686348,218.168988794
203.430656435,219.243227515
203.513243008,221.338829956
203.438024638,218.799285522
203.638968741,219.501346118
203.558371185,218.478651636
203.593313139,218.664448901
203.52524147,218.123206152
203.445744083,220.946786865
203.478076915,220.727706274
203.574023703,218.442891064
203.453435027,218.322701221
203.519058546,218.394599487
203.470432863,218.534732227
203.429298849,218.24046604
203.476404454,218.612634473
203.439252841,218.208107739
203.398235867,218.119811816
203.516177379,218.93808916
203.411489473,221.18919375
203.220805775,217.87510708
203.422503362,220.382137964
203.508176627,218.192397925
203.471166383,217.848851685
203.465551559,218.016450586
203.51967999,218.77338999
203.446143196,218.605409595
203.449002005,218.749994629
203.339415918,218.25805
203.343671182,218.518753125
203.337889572,218.736625391
203.392872592,218.265322314
203.45264369,218.622843701
203.389612288,218.120226294
203.457062338,218.87204187
203.243509344,217.498975659
203.544140945,218.115903271
203.39071517,218.181687817
203.431547736,218.601143359
203.345962598,217.850578101
203.440677869,218.643855859
203.254614706,217.608979297
203.345282777,218.049051587
203.397309874,219.552701953
203.330009155,217.563179517
203.342828056,217.630202124
203.408852814,219.858570386
203.413014844,218.772301782
203.402635364,218.740858008
203.408861264,218.946417578
203.359206375,217.741576367
203.341534964,219.512816846
203.336271527,218.882176123
203.237486659,218.800428564
203.402382686,218.441987622
203.32756763,218.118645581
203.315347665,218.369987549
203.318635251,218.991379639
203.319862924,217.44733103
203.445388698,218.144096875
203.291429645,217.888786816
203.281427213,219.62578479
203.35607632,218.384356494
203.340562906,219.278742188
203.381076044,218.483171606
203.302449394,217.501174219
203.411222516,217.705988696
203.340854062,217.92876228
203.251650095,218.436999927
203.333108932,218.626607178
203.32909919,217.950960547
203.269636897,219.155221509
203.256162772,219.451494727
203.303671127,218.754746191
203.217651144,219.746644824
203.337264069,219.169373511
203.18542516,217.6758021
203.330105862,218.155623755
203.27750406,217.834825049
203.248793039,219.018564551
203.262129953,218.922796118
203.348959186,218.115148682
203.251220905,218.456059961
203.280727641,218.161722339
203.325125821,218.418446753
203.294175745,218.699217456
203.327063257,218.257323779
203.243837834,219.034085327
203.250826123,217.554821265
203.193471489,219.64461748
203.237374321,218.004791504
203.227134485,217.435112695
203.244585318,218.60201438
203.279524286,218.142107471
203.076994814,217.65847146
203.215682678,217.80393147
203.263761795,218.538645728
203.291648199,218.33459126
203.141805785,219.945634717
203.216643254,219.373357739
203.18476673,217.801982031
203.309337161,218.667659961
203.194908994,220.078617041
203.221440829,219.100223413
203.255611151,219.030974438
203.26328609,218.954624438
203.182534195,219.139313159
203.126041846,219.196139844
203.226487917,218.09816416
203.232645685,218.887502075
203.245871936,218.268363599
203.15357182,218.769316064
203.12975892,218.159938037
203.217046884,217.896561548
203.165509511,218.039794312
203.150429845,217.361933301
203.222418855,218.67720686
203.116367021,219.935288452
203.239693311,218.298203027
203.226310568,217.980862158
203.168891818,218.965041406
203.119094241,218.788116113
203.199363931,218.075932617
203.127956229,218.874548853
203.184970877,218.718522241
203.155691914,218.645786279
203.169005675,218.950360718
203.134175519,218.614797803
203.204301506,218.807626904
203.018041655,218.090626172
203.137164819,219.252164062
203.184909546,218.423637134
203.148778844,218.570059131
203.124981232,217.498063623
203.144242456,218.382997583
203.042320592,217.33560564
203.229215454,218.172528589
202.999329013,218.089331909
203.162363181,218.588924976
203.166568593,218.495594165
203.171647833,218.272271533
203.156330824,218.4473448
202.999324684,217.364662549
203.129538518,218.9563771
203.139268469,219.391629541
203.195662991,217.975688257
203.185535345,217.915915234
203.058744667,218.568250391
203.148509911,218.300067041
203.123715833,218.103694141
203.031997502,217.707634668
203.109311957,217.746467236
203.072387149,219.494873828
203.1354284,218.585401489
203.169895941,218.637905103
203.134808731,218.50419209
203.058751604,218.635590088
203.108861609,218.849853198
203.133861295,218.355728711
203.003445116,217.582234595
203.107524283,217.703027344
203.065241684,217.992619238
202.999050946,219.23103999
203.190412479,218.551759058
203.093765585,218.640313452
203.130467227,218.092676611
203.146127495,218.626084033
203.125212924,218.397963281
203.077102757,218.853783496
203.068992551,218.156990308
203.079295514,217.611114136
202.997058907,218.578061108
203.094766371,218.385122192
203.106826649,218.665037378
203.092318529,218.456600024
203.042039038,218.502559253
203.062778349,218.254138159
203.06917597,218.767620654
203.102964607,218.263151587
203.103012331,218.032111523
203.067278278,218.098529956
203.095405112,218.122506421
203.088648912,218.287557739
203.090345901,218.426333936
203.066090198,218.476355664
203.044877744,219.126590234
203.096182208,218.534986597
203.043131543,218.840918311
203.071717651,218.058601147
203.068042725,218.463743726
203.065373849,218.099932202
203.063375655,217.944978076
203.063320277,218.593582251
203.064764746,218.165201489
202.98267905,217.504600146
203.033201294,217.89838667
203.077498,217.985512183
202.971995918,218.821186206
202.967189764,217.377098755
203.067159763,218.731279248
203.040112611,218.348534692
203.047009857,217.971664185
203.038028485,218.125871948
203.044537988,218.735300269
203.076499348,218.842031787
203.075341226,218.240459277
203.063025024,218.450660571
203.068918915,218.241860645
203.03378613,218.428643628
203.043581895,218.231379736
203.037139929,217.915520361
203.035039297,218.202033423
203.009015712,218.818718457
203.029043304,218.148220776
202.997091891,218.26287019
203.002434036,218.563720142
203.012347873,218.302227637
203.05395979,218.565168628
203.012120872,218.217846997
203.034243105,218.113311475
203.034661075,218.223321899
203.010439838,218.895904346
203.059350906,218.170265039
203.048277194,218.268674292
203.005744316,218.51609458
203.054164233,218.333704736
202.985701248,218.885859082
203.020133096,217.965627441
202.997661311,218.663490894
203.023743616,218.112757471
202.977831363,217.865188257
203.03159798,218.270791211
203.001496805,218.187971069
203.022106293,218.33853667
203.025207462,218.296201343
202.999169327,218.567157739
202.92196757,219.213357275
202.964725095,218.37572605
203.015904883,218.459244312
202.967385594,218.798046167
202.999729791,218.771395923
202.988422708,218.435951172
203.001618466,218.677010986
203.0287222,218.488034375
202.999231989,218.16725061
202.836497343,219.033925635
203.000355077,218.99447915
202.968167751,218.052478735
202.921713068,218.88009873
202.937281375,219.247922266
203.00548569,218.060542969
203.003050555,218.141944165
202.978997318,218.637009253
202.982068613,218.47604873
202.994636598,218.159510522
202.97408389,218.240667749
202.948748903,218.4919854
202.966508505,218.622309863
202.954236844,218.83962959
202.992491998,218.612102002
202.989559964,218.234531689
202.972900821,218.154265552
202.922967474,218.858565454
202.927045451,218.245406519
202.982326871,218.196197925
202.924533556,218.645850537
202.904727341,217.640697217
202.987836548,217.931311865
202.952026717,218.556983154
202.96280943,218.221884229
202.938600827,218.574177002
202.960799396,218.116187451
202.960295386,217.882715723
202.949807974,218.604618896
202.978515279,218.217403296
202.934722304,217.925830029
202.925592926,218.609414453
202.942574567,218.11025957
202.935084416,218.838214014
202.979921602,218.13090127
202.955540192,218.126838916
202.963548676,218.194656616
202.959964822,218.228874805
202.928993805,218.646417432
202.955319206,218.308339209
202.951860051,218.046896289
202.957334311,218.439882104
202.927300003,218.720037769
202.948849098,218.479834644
202.956732866,218.326305859
202.913132007,218.389483179
202.936336829,218.232742578
202.953410349,218.322772998
202.930565616,218.543991162
202.951272119,218.311744287
202.923278214,218.2016198
202.953649371,218.25824939
202.946527386,218.250875146
202.935999904,218.393168018
202.914032074,218.057323608
202.91552733,218.657604907
202.963677826,218.381292969
202.917545119,218.646905225
202.946895644,218.500653638
202.927505435,218.559942407
202.921988089,218.457261182
202.894818413,217.895799634
202.929758061,218.366471851
202.937102792,218.282909277
202.939413995,218.252871069
202.928836545,218.024180078
202.905205443,218.436777759
202.903049229,218.125770752
202.927395068,218.356430347
202.887545477,217.886871289
202.932828217,218.366906299
202.897599908,218.621537256
202.938165784,218.222575586
202.926152835,218.359118628
202.922190123,218.251690234
202.833813942,217.737959424
202.937190916,218.383109937
202.9080996,218.535853906
202.92533064,218.110381714
202.924362637,218.222770996
202.933183325,218.153608887
202.917159445,218.23087605
202.910103484,218.276241504
202.912313467,218.196295483
202.88397332,218.089882666
202.918103925,218.146510425
202.849999301,218.531340161
202.890752263,218.715787183
202.932157021,218.43670144
202.901722607,218.363418115
202.913212891,218.28899646
202.905920174,218.05792959
202.907325543,217.912598218
202.873139523,218.680971338
202.926892941,218.321684961
202.889627689,217.956853003
202.921956683,218.277488184
202.919944308,218.255973096
202.891852577,218.195471875
202.910919791,218.021232983
202.899429645,218.257240796
202.899126611,218.352897534
202.885639836,218.431047729
202.897250964,218.029154688
202.854235416,218.564434985
202.893601279,218.20305
202.889190887,218.32929104
202.895794345,218.293662158
202.85848054,218.514263623
202.895146965,218.466285547
202.894260107,218.4246177
202.901192227,218.18973291
202.892947482,218.091032861
202.892591852,218.135583203
202.888134709,218.371261377
202.894516586,218.379890332
202.888699825,218.157950293
202.888439352,218.372625586
202.889256616,218.382941357
202.893984216,218.438651367
202.887607936,218.325330786
202.877075677,218.42563396
202.877150177,218.191856128
202.877614647,218.199551587
202.886272177,218.270665112
202.876256781,218.470892383
202.87762663,218.386926123
202.872073793,218.415427759
202.883570621,218.316324609
202.880246799,218.419921875
202.880697484,218.312950513
202.855304216,218.027130176
202.886233017,218.266392041
202.885416563,218.29006438
202.857109152,218.511945752
202.881308554,218.173277319
202.876662637,218.397766382
202.88122413,218.065749902
202.874261775,218.266019873
202.862912822,218.471459692
202.882496866,218.254943066
202.870528096,218.162218555
202.871211053,218.208234204
202.87913222,218.186893066
202.873651744,218.161184644
202.864881268,218.148104126
202.838141068,218.535410767
202.871728236,218.302896655
202.872050082,218.348446533
202.859523816,218.479290747
202.876859882,218.248754272
202.855260948,218.449595361
202.86693812,218.194911646
202.867503131,218.237432837
202.869039217,218.215033691
202.862756166,218.37652998
202.875032588,218.204058765
202.84339635,218.0700375
202.866704027,218.312599927
202.865744667,218.134324341
202.867636528,218.047620898
202.860293889,218.002324707
202.862737573,218.126388208
202.85526866,218.109252441
202.853771867,218.233189746
202.861196884,218.135400757
202.847197292,218.322789551
202.863507922,218.232057373
202.855406552,218.248689502
202.854865848,218.336284985
202.855934074,218.355035498
202.859243651,218.419408496
202.860882559,218.312192725
202.84962686,218.072471899
202.841482372,218.372540063
202.863880954,218.243341455
202.862406195,218.106891675
202.852433519,218.303963647
202.854857771,218.092070166
202.852665016,218.068297705
202.850450081,218.274564014
202.8470599,218.342531006
202.823483762,217.99760022
202.83848179,218.238303906
202.848112817,218.247549219
202.831730222,218.437525146
202.851158473,218.174530469
202.841071942,218.126520386
202.852559978,218.164654468
202.85517641,218.229037988
202.845801328,218.321147998
202.850728416,218.193541772
202.842195726,218.04643855
202.847283884,218.20695459
202.855035338,218.171659082
202.845055559,218.261715015
202.836626746,218.121568066
202.845529988,218.089941968
202.840350899,218.244311621
202.854819148,218.167310376
202.834057933,218.060739429
202.821713249,218.382358228
202.842804137,218.194429126
202.842497682,218.192261963
202.83913766,218.284356323
202.840844966,218.312387915
202.842589177,218.280708374
202.825380276,218.079170337
202.842597688,218.037206396
202.839433623,218.177514478
202.840386459,218.195749902
202.840095618,218.2342104
202.840996538,218.157715723
202.8424084,218.232989062
202.837958672,218.230928394
202.832314224,218.359554492
202.833834776,218.439093774
202.846658705,218.225845142
202.826363777,218.370805127
202.837479314,218.324470239
202.842133435,218.267806128
202.841015158,218.164807495
202.824377963,218.140894604
202.831216072,218.181456714
202.820842807,218.30336792
202.829589679,218.188614648
202.829003816,218.267975366
202.834128949,218.258437402
202.831819186,218.268811499
202.831587494,218.264030835
202.830830231,218.229034131
202.835170743,218.247135034
202.830356375,218.253864258
202.830645372,218.197103955
202.824871597,218.330716479
202.835432614,218.205658765
202.826803554,218.152684741
202.825300922,218.06575813
202.834625198,218.06886582
202.831542334,218.081349561
202.823517203,218.043206714
202.831857841,218.097841479
202.816015216,218.245763745
202.826544783,218.168567651
202.823648419,218.175233765
202.819656122,218.11137981
202.815928879,218.284793604
202.827815204,218.183810913
202.820047675,218.261219727
202.815889374,218.108133179
202.826964882,218.124484619
202.820446103,218.141085938
202.822981699,218.217609106
202.823688837,218.127687305
202.824462451,218.157545044
202.8258185,218.159098584
202.823698602,218.076406689
202.825345961,218.116778101
202.824046564,218.109272949
202.817259798,218.237773486
202.824545776,218.154208716
202.820246918,218.107803345
202.818281998,218.104478198
202.816707414,218.085744434
202.818472261,218.122872046
202.814795441,218.187524829
202.819038225,218.168069336
202.812840186,218.100517798
202.817041161,218.13954209
202.818868175,218.153805249
202.81665442,218.101249146
202.817156033,218.210644189
202.81299827,218.246353174
202.818520201,218.194907251
202.813386674,218.248029565
202.811389111,218.27867876
202.816153867,218.190838623
202.817065176,218.198261328
202.815311557,218.192591162
202.808954265,218.170489307
202.817043805,218.195193286
202.819180641,218.185541479
202.806540836,218.215095361
202.812323224,218.242454248
202.806606042,218.130004346
202.807544452,218.230892114
202.801575778,218.316257104
202.815777151,218.274854663
202.816642325,218.2238448
202.811786519,218.18972771
202.811628502,218.203296313
202.806031107,218.250418848
202.813131613,218.167581494
202.809055307,218.123016479
202.812492209,218.159683398
202.809800319,218.216461328
202.810879349,218.150232056
202.80947619,218.110900317
202.812082333,218.164512793
202.806784543,218.234565625
202.804745758,218.267024634
202.796899008,218.194915576
202.808997607,218.191881299
202.798227589,218.274096606
202.81067063,218.250522583
202.804531981,218.203005176
202.802142426,218.245799976
202.801383368,218.125255029
202.805283768,218.205040405
202.802126523,218.237827832
202.80367041,218.191500122
202.802659662,218.258865283
202.807336444,218.223938501
202.808197995,218.191004004
202.805750703,218.199652075
202.804946411,218.157871313
202.806857304,218.176009106
202.806790065,218.14151228
202.799359076,218.180251636
202.805059943,218.231588794
202.805668655,218.157922607
202.799028973,218.208939136
202.79948624,218.187878394
202.799101768,218.209952832
202.796482442,218.284504834
202.802731747,218.234122729
202.787426546,218.318286768
202.807273746,218.248855713
202.79547007,218.164986743
202.799844711,218.164972217
202.801111644,218.185118823
202.796433478,218.167005615
202.80243846,218.170179687
202.797920587,218.21477644
202.797439186,218.244452148
202.795660034,218.25022627
202.799700565,218.148780322
202.799952914,218.175209692
202.799508246,218.191278711
202.80093261,218.213151172
202.79770435,218.219765381
202.802189716,218.173276465
202.797583607,218.187912036
202.793285553,218.208705371
202.795044954,218.231869629
202.798081955,218.224362451
202.796627628,218.178523413
202.788898671,218.095604395
202.795416515,218.142100439
202.787970103,218.224180957
202.794937135,218.150650171
202.79725428,218.133989941
202.79678105,218.147335889
202.795347284,218.113147192
202.797056712,218.148087036
202.794717516,218.124071582
202.793778101,218.109700708
202.800079103,218.131519092
202.797034378,218.145852515
202.795493689,218.190136304
202.796154858,218.177528906
202.795439223,218.165679834
202.791640536,218.152092773
202.789750772,218.18847981
202.793139537,218.144458374
202.790052313,218.197287231
202.794499419,218.172221167
202.793211276,218.157931323
202.790191298,218.14469502
202.786943787,218.199298853
202.793275165,218.195099365
202.79016965,218.225228979
202.790501624,218.195819312
202.793250226,218.194598999
202.789962187,218.20537644
202.78674093,218.161311499
202.792464185,218.165121094
202.790306378,218.192969019
202.79221459,218.186163574
202.789913406,218.204683667
202.793702548,218.176621558
202.792166946,218.185963916
202.786366434,218.15707666
202.788559323,218.150734082
202.786984753,218.155049609
202.789047577,218.1755052
202.788798483,218.211602417
202.78775843,218.184863403
202.787864287,218.17867522
202.790137505,218.178041919
202.788489696,218.174576807
202.789069461,218.169588306
