2.474611082421874926e+03
2.434435643750000054e+03
2.395619116406250214e+03
2.358072107812499780e+03
2.321760211328125024e+03
2.286760308203125078e+03
2.252966496093749811e+03
2.220217626562499845e+03
2.188586653906249921e+03
2.158015974999999798e+03
2.128488035937500172e+03
2.099966453906250081e+03
2.072357161718749921e+03
2.045694075390624903e+03
2.019972966406249952e+03
1.995045630468750005e+03
1.970962885156249968e+03
1.947719284765624934e+03
1.925269683593749960e+03
1.903526801562499941e+03
1.882491958984375060e+03
1.862116498046874995e+03
1.842424816406250102e+03
1.823420519140624947e+03
1.749622763281249945e+03
1.718756887499999948e+03
1.684598542578125034e+03
1.653643470312500085e+03
1.624841507421874894e+03
1.600504632812499949e+03
1.574165609375000031e+03
1.555476398828124957e+03
1.524383101562500087e+03
1.501434768164062461e+03
1.478736907421875003e+03
1.456358712890624929e+03
1.432273755468750096e+03
1.411269422460937449e+03
1.391627208007812442e+03
1.365504944921874994e+03
1.346189122656249992e+03
1.325563473632812475e+03
1.317907814453124956e+03
1.283303754101562390e+03
1.264450863671874913e+03
1.251413869335937534e+03
1.224795158984374893e+03
1.208007333203124972e+03
1.191619637109374935e+03
1.168440069335937551e+03
1.155687389453124979e+03
1.136981207031250051e+03
1.118052529687500055e+03
1.102293049999999994e+03
1.088019561328125064e+03
1.066480560546875040e+03
1.049686502148437512e+03
1.040122407421875096e+03
1.024982583593749951e+03
1.008599080664062512e+03
9.918177630859374858e+02
9.779712064453125322e+02
9.663276583984375065e+02
9.460644433593749909e+02
9.360958482421874578e+02
9.306202619140625529e+02
9.150195578125000111e+02
8.956350621093749851e+02
8.824970453124999494e+02
9.000346599609374607e+02
8.659857226562500045e+02
8.559189214843750051e+02
8.398845835937499942e+02
8.248407829101562356e+02
8.162143099609374985e+02
8.085565686523437989e+02
8.002550428710937922e+02
7.902369374023437558e+02
7.651638351562500020e+02
7.546829222656250522e+02
7.556073467773437642e+02
7.382166765624999698e+02
7.444791223632812489e+02
7.237396864257812013e+02
7.022444128906249716e+02
7.060269512695311960e+02
7.050224797851562926e+02
6.962608425781249935e+02
6.918336298828124882e+02
6.723229746093750236e+02
6.749959450195312911e+02
6.413267105468750060e+02
6.367599401367187966e+02
6.177479638671875364e+02
6.248384412109375035e+02
6.297043078125000193e+02
6.245362271484375469e+02
6.313972544921874714e+02
5.894741708984374782e+02
6.038952224609374753e+02
5.846122661132812937e+02
6.204659886718750386e+02
6.090603930664062773e+02
5.818802679687499904e+02
5.483462362304687758e+02
5.530823208984375015e+02
5.344725318359375024e+02
5.705767253906250289e+02
5.341352689453125322e+02
5.250366789062500175e+02
5.158127232421875306e+02
5.163562204101561974e+02
5.328809191406249965e+02
5.405210470703125338e+02
5.184798828125000227e+02
5.338696960937500080e+02
4.979444187500000112e+02
4.999399236328125085e+02
4.871342127929687535e+02
4.643896704101562705e+02
4.777349939453125103e+02
4.620436461425780976e+02
4.462643677246093716e+02
4.538255760742187590e+02
4.792083937500000275e+02
4.886242916015625042e+02
4.605495254882812333e+02
4.347285283203124777e+02
4.416979570312499845e+02
4.285317851074218538e+02
4.116741057128906505e+02
4.320785111328124799e+02
3.962113333496093901e+02
3.936914788085937289e+02
3.874564511718750168e+02
3.825654632324218483e+02
4.376854771484374851e+02
4.164611355468750276e+02
4.284447952148437366e+02
3.754122055175781156e+02
3.746266094726562415e+02
4.372398657226562477e+02
4.341331508789062354e+02
3.707639800292968744e+02
3.836513935546875018e+02
3.653140000488281203e+02
3.578570217285156332e+02
4.018275820312500173e+02
3.683062413085937692e+02
3.726753403320312259e+02
3.829162735839843776e+02
3.485827336914062471e+02
3.600573487304687319e+02
3.807429069824218573e+02
3.279981793945312347e+02
3.404966587402343521e+02
3.601229462890624973e+02
3.707484232421875276e+02
3.695835400878906398e+02
3.436154568359374935e+02
3.430429744140624848e+02
4.076422895996093985e+02
3.513569612792968542e+02
3.079483083984375185e+02
3.157041736328125126e+02
3.279243640136718909e+02
3.165233280273437231e+02
3.092305972656250219e+02
2.900065026367187784e+02
3.235271452148437561e+02
3.200594189453124727e+02
3.256440082519531529e+02
3.000206193359375106e+02
3.299359535644531434e+02
3.640423483398437270e+02
2.957945415039062595e+02
3.319794247070312281e+02
3.187530497070312663e+02
2.758515343750000284e+02
2.905531633789062766e+02
3.209936160644531356e+02
2.893320959960937557e+02
2.606181374023437343e+02
2.871742738769531229e+02
2.629210789062499884e+02
2.641395019531249773e+02
2.814072019531250248e+02
3.406039145507812691e+02
2.722813958007812403e+02
3.647641994140624888e+02
3.084029622070312371e+02
2.782124080078124848e+02
2.571305881347656168e+02
2.758226804687499794e+02
2.705012346923828090e+02
2.602190171386718589e+02
3.024439963867187657e+02
2.550232513183593710e+02
3.584835469238281007e+02
2.608357340332031526e+02
2.412493895751953232e+02
2.571735556152343634e+02
3.012232063476562303e+02
2.414299084960937591e+02
2.746308281738281494e+02
2.322878147705078220e+02
2.472734855468750084e+02
2.429316270507812590e+02
2.518303563476562488e+02
2.393175111328125126e+02
2.755650526855469025e+02
2.760349940429687763e+02
2.650691515624999965e+02
2.199296610107421941e+02
2.201298644531250090e+02
2.587357998535156298e+02
2.427514557128906176e+02
2.325600311523437540e+02
2.257553258789062625e+02
2.296246330566406186e+02
2.158414173339843671e+02
2.655167481933593763e+02
2.589197470703124964e+02
2.586133171142578249e+02
3.001174125488280993e+02
3.011956473632812390e+02
2.415668211425781351e+02
2.173431264404296996e+02
2.155003420166015644e+02
2.212887908203124994e+02
2.214878223144531262e+02
2.671096159179687675e+02
2.378478028564452984e+02
2.185568714355468671e+02
2.494327335449218879e+02
2.968466349609374788e+02
2.525357873535156159e+02
2.741977114746093775e+02
3.007417477539062247e+02
2.129950634765625068e+02
2.467990061523437362e+02
2.405002597167968759e+02
2.408831501464843825e+02
2.139098432373046990e+02
2.507042035644531381e+02
2.366628464355468680e+02
2.317702261230468821e+02
2.928506752929687309e+02
2.256752842285156362e+02
2.639620135253906028e+02
2.573405126953124977e+02
